env_code	DTR	GDD	dGDD	PR	PRDTR
Aberdeen_15	29.898	18.495	0	0.02	7e-04
Aberdeen_15	19.44	7.011	11.484	0.02	0.001
Aberdeen_15	17.784	5.544	1.467	0	0
Aberdeen_15	25.704	9.045	3.501	0	0
Aberdeen_15	26.28	11.385	2.34	0.22	0.0084
Aberdeen_15	16.164	11.646	0.261	0.08	0.0049
Aberdeen_15	10.35	4.959	6.687	1.2	0.1159
Aberdeen_15	18.828	8.361	3.402	1.17	0.0621
Aberdeen_15	15.12	7.092	1.269	7.28	0.4815
Aberdeen_15	21.132	8.829	1.737	1.39	0.0658
Aberdeen_15	30.582	14.22	5.391	0	0
Aberdeen_15	18.594	13.437	0.783	1.64	0.0882
Aberdeen_15	25.002	9.333	4.104	0.07	0.0028
Aberdeen_15	34.83	16.533	7.2	0	0
Aberdeen_15	23.652	10.269	6.264	3.55	0.1501
Aberdeen_15	13.824	4.338	5.931	4.98	0.3602
Aberdeen_15	28.08	11.466	7.128	0.48	0.0171
Aberdeen_15	29.988	16.794	5.328	0	0
Aberdeen_15	29.934	18.783	1.989	0.08	0.0027
Aberdeen_15	28.026	14.769	4.014	0	0
Aberdeen_15	29.772	17.406	2.637	0	0
Aberdeen_15	29.664	22.212	4.806	0	0
Aberdeen_15	25.956	25.956	3.744	0.08	0.0031
Aberdeen_15	23.814	19.629	6.327	0.58	0.0244
Aberdeen_15	19.548	14.544	5.085	5.7	0.2916
Aberdeen_15	22.05	10.323	4.221	1.06	0.0481
Aberdeen_15	22.95	12.429	2.106	1.36	0.0593
Aberdeen_15	33.48	14.796	2.367	0.02	6e-04
Aberdeen_15	34.902	21.933	7.137	0.01	3e-04
Aberdeen_15	33.678	25.515	3.582	0.02	6e-04
Aberdeen_15	25.83	21.681	3.834	0.02	8e-04
Aberdeen_15	33.606	24.219	2.538	0.02	6e-04
Aberdeen_15	28.728	30.978	6.759	0.07	0.0024
Aberdeen_15	28.17	29.997	0.981	0.66	0.0234
Aberdeen_15	25.506	25.317	4.68	0.1	0.0039
Aberdeen_15	18.72	19.206	6.111	1.01	0.054
Aberdeen_15	28.422	18.459	0.747	4.67	0.1643
Aberdeen_15	23.184	16.452	2.007	7.2	0.3106
Aberdeen_15	19.404	19.26	2.808	3.46	0.1783
Aberdeen_15	20.142	16.137	3.123	2.88	0.143
Aberdeen_15	27.864	14.742	1.395	0.02	7e-04
Aberdeen_15	31.932	20.412	5.67	0.39	0.0122
Aberdeen_15	23.4	26.874	6.462	0.39	0.0167
Aberdeen_15	26.694	21.843	5.031	0.02	7e-04
Aberdeen_15	22.77	24.021	2.178	2	0.0878
Aberdeen_15	11.43	15.777	8.244	8.54	0.7472
Aberdeen_15	10.152	14.004	1.773	22.38	2.2045
Aberdeen_15	25.668	18.54	4.536	1.77	0.069
Aberdeen_15	20.052	20.34	1.8	8	0.399
Aberdeen_15	12.348	16.452	3.888	9.07	0.7345
Aberdeen_15	19.314	18.171	1.719	6.69	0.3464
Aberdeen_15	27.198	22.095	3.924	1.45	0.0533
Aberdeen_15	19.026	21.861	0.234	4.47	0.2349
Aberdeen_15	20.718	19.161	2.7	8.14	0.3929
Aberdeen_15	25.074	21.717	2.556	1.53	0.061
Aberdeen_15	21.168	23.13	1.413	2.45	0.1157
Aberdeen_15	14.94	18.936	4.194	7.33	0.4906
Aberdeen_15	23.202	21.825	2.889	6.02	0.2595
Aberdeen_15	21.654	21.501	0.324	1.92	0.0887
Aberdeen_15	32.328	26.784	5.283	0.02	6e-04
Aberdeen_15	30.492	32.868	6.084	1.22	0.04
Aberdeen_15	27.774	37.017	4.149	0.48	0.0173
Aberdeen_15	31.446	32.265	4.752	2.61	0.083
Aberdeen_15	24.084	27.9	4.365	0.07	0.0029
Aberdeen_15	27.414	29.259	1.359	3.41	0.1244
Aberdeen_15	25.344	28.296	0.963	0.12	0.0047
Aberdeen_15	15.93	26.091	2.205	0.27	0.0169
Aberdeen_15	19.368	25.632	0.459	1.78	0.0919
Aberdeen_15	29.448	31.122	5.49	1.2	0.0407
Aberdeen_15	31.374	37.035	5.913	0.02	6e-04
Aberdeen_15	29.376	40.842	3.807	0.08	0.0027
Aberdeen_15	25.056	37.818	3.024	1.72	0.0686
Aberdeen_15	26.496	36.666	1.152	0.09	0.0034
Aberdeen_15	30.312	36.378	0.288	0	0
Aberdeen_15	30.996	32.076	4.302	0	0
Aberdeen_15	31.698	33.759	1.683	0.04	0.0013
Aberdeen_15	31.806	38.403	4.644	1.9	0.0597
Aberdeen_15	28.512	37.332	1.071	0.07	0.0025
Aberdeen_15	28.962	41.301	3.969	0	0
Aberdeen_15	32.958	43.461	2.16	0.01	3e-04
Aberdeen_15	25.344	38.682	4.779	0	0
Aberdeen_15	29.934	37.233	1.449	0.02	7e-04
Aberdeen_15	28.332	40.32	3.087	0	0
Aberdeen_15	28.728	36.054	4.266	0	0
Aberdeen_15	29.052	41.58	5.526	0	0
Aberdeen_15	28.17	43.137	1.557	0	0
Aberdeen_15	29.286	44.001	0.864	0	0
Aberdeen_15	33.444	45.882	1.881	0	0
Aberdeen_15	29.412	45.99	0.108	0.02	7e-04
Aberdeen_15	31.464	48.915	2.925	0	0
Aberdeen_15	33.336	48.753	0.162	0.1	0.003
Aberdeen_15	24.354	48.141	0.612	0.19	0.0078
Aberdeen_15	30.798	48.501	0.36	0.02	6e-04
Aberdeen_15	31.248	46.17	2.331	0.01	3e-04
Aberdeen_15	30.708	47.322	1.152	0.01	3e-04
Aberdeen_15	29.88	47.808	0.486	0.01	3e-04
Aberdeen_15	16.452	40.878	6.93	1.6	0.0973
Aberdeen_15	16.596	37.854	3.024	3.5	0.2109
Aberdeen_15	26.01	39.969	2.115	1.25	0.0481
Aberdeen_15	15.84	33.732	6.237	2.92	0.1843
Aberdeen_15	26.19	36.279	2.547	0.72	0.0275
Aberdeen_15	19.026	34.101	2.178	2.82	0.1482
Aberdeen_15	28.008	36.396	2.295	0.57	0.0204
Aberdeen_15	23.544	38.034	1.638	0.82	0.0348
Aberdeen_15	24.966	35.865	2.169	0.14	0.0056
Aberdeen_15	26.082	36.441	0.576	1.65	0.0633
Aberdeen_15	24.156	34.308	2.133	2.51	0.1039
Aberdeen_15	29.862	38.223	3.915	0.04	0.0013
Aberdeen_15	18.666	33.417	4.806	0.18	0.0096
Aberdeen_15	17.604	29.214	4.203	5.32	0.3022
Aberdeen_15	30.222	35.415	6.201	0	0
Aberdeen_15	22.176	36.648	1.233	0.09	0.0041
Aberdeen_15	31.914	39.519	2.871	0.01	3e-04
Aberdeen_15	28.386	38.385	1.134	2.53	0.0891
Aberdeen_15	25.614	35.577	2.808	2.89	0.1128
Aberdeen_15	21.996	38.862	3.285	1.31	0.0596
Aberdeen_15	28.566	40.167	1.305	0.03	0.0011
Aberdeen_15	26.424	41.832	1.665	0.01	4e-04
Aberdeen_15	22.536	25.11	16.722	4.3	0.1908
Aberdeen_15	29.466	25.947	0.837	0	0
Aberdeen_15	36.396	32.31	6.363	0	0
Aberdeen_15	33.426	39.915	7.605	0	0
Aberdeen_15	24.66	45.396	5.481	0	0
Aberdeen_15	32.616	43.704	1.692	0	0
Aberdeen_15	29.646	47.439	3.735	0	0
Aberdeen_15	15.336	35.604	11.835	3.22	0.21
Aberdeen_15	32.184	39.258	3.654	0.63	0.0196
Aberdeen_15	27.144	39.96	0.702	3.81	0.1404
Aberdeen_15	30.582	36.873	3.087	0.01	3e-04
Aberdeen_15	22.842	33.921	2.952	5.02	0.2198
Aberdeen_15	18.414	29.169	4.752	6.25	0.3394
Aberdeen_15	28.98	36.27	7.101	0.03	0.001
Aberdeen_15	31.896	39.87	3.6	0.23	0.0072
Aberdeen_15	30.618	44.343	4.473	0.29	0.0095
Aberdeen_15	20.79	42.777	1.566	0.42	0.0202
Aberdeen_15	25.416	44.514	1.737	0.44	0.0173
Aberdeen_15	27.108	46.854	2.34	2	0.0738
Aberdeen_15	24.966	39.015	7.839	0.01	4e-04
Aberdeen_15	30.618	36.927	2.088	0.01	3e-04
Aberdeen_15	31.212	35.532	1.395	0.01	3e-04
Aberdeen_15	29.718	32.013	3.519	0.01	3e-04
Aberdeen_15	30.384	34.47	2.457	0.03	0.001
Aberdeen_15	29.826	36.891	2.421	0	0
Aberdeen_15	26.334	38.799	1.908	0	0
Aberdeen_15	25.308	29.646	9.153	0.01	4e-04
Aberdeen_15	40.212	34.398	4.752	0	0
Aberdeen_15	32.796	43.056	8.658	0	0
Aberdeen_15	30.744	47.502	4.446	0	0
Aberdeen_15	15.768	34.164	13.338	1.17	0.0742
Aberdeen_15	31.5	39.258	5.094	0.64	0.0203
