env_code	DTR	GDD	dGDD	PR	PRDTR
Aberdeen_20	35.172	17.622	0	0	0
Aberdeen_20	29.286	17.073	0.549	0	0
Aberdeen_20	24.858	11.943	5.13	2.62	0.1054
Aberdeen_20	16.614	3.537	8.406	0.32	0.0193
Aberdeen_20	16.218	2.781	0.756	0.03	0.0018
Aberdeen_20	25.002	7.758	4.977	0.02	8e-04
Aberdeen_20	22.518	9.549	1.791	8.06	0.3579
Aberdeen_20	18.72	5.103	4.446	0.54	0.0288
Aberdeen_20	29.286	10.44	5.337	0	0
Aberdeen_20	33.534	14.094	3.654	0	0
Aberdeen_20	17.946	13.383	0.711	0.83	0.0462
Aberdeen_20	27.648	16.488	3.105	0	0
Aberdeen_20	27.396	19.728	3.24	0	0
Aberdeen_20	25.596	17.244	2.484	0.08	0.0031
Aberdeen_20	19.98	12.852	4.392	3.36	0.1682
Aberdeen_20	22.32	11.988	0.864	0.01	4e-04
Aberdeen_20	27.18	16.578	4.59	0.03	0.0011
Aberdeen_20	21.762	23.067	6.489	0.32	0.0147
Aberdeen_20	20.664	19.404	3.663	0.23	0.0111
Aberdeen_20	30.06	20.736	1.332	0	0
Aberdeen_20	34.578	27.279	6.543	0.62	0.0179
Aberdeen_20	25.992	24.462	2.817	4.38	0.1685
Aberdeen_20	22.266	21.771	2.691	0.95	0.0427
Aberdeen_20	24.3	22.59	0.819	0.62	0.0255
Aberdeen_20	22.212	13.752	8.838	1.49	0.0671
Aberdeen_20	26.64	14.292	0.54	0.01	4e-04
Aberdeen_20	32.4	21.096	6.804	0	0
Aberdeen_20	33.588	17.244	3.852	0	0
Aberdeen_20	29.916	12.411	4.833	0	0
Aberdeen_20	35.334	17.883	5.472	0	0
Aberdeen_20	33.948	19.746	1.863	0	0
Aberdeen_20	37.44	25.2	5.454	0	0
Aberdeen_20	28.044	30.42	5.22	0.46	0.0164
Aberdeen_20	21.654	20.961	9.459	1.47	0.0679
Aberdeen_20	16.092	13.662	7.299	0.89	0.0553
Aberdeen_20	16.218	15.489	1.827	1.34	0.0826
Aberdeen_20	19.926	15.507	0.018	0.37	0.0186
Aberdeen_20	28.638	17.667	2.16	0	0
Aberdeen_20	28.242	27.369	9.702	0.11	0.0039
Aberdeen_20	30.006	29.259	1.89	0.01	3e-04
Aberdeen_20	28.368	24.264	4.995	1.84	0.0649
Aberdeen_20	13.248	13.212	11.052	9.63	0.7269
Aberdeen_20	22.662	16.947	3.735	1.96	0.0865
Aberdeen_20	13.806	8.901	8.046	12.98	0.9402
Aberdeen_20	21.69	10.512	1.611	9.12	0.4205
Aberdeen_20	24.696	15.66	5.148	0.17	0.0069
Aberdeen_20	32.544	21.834	6.174	0	0
Aberdeen_20	24.858	28.071	6.237	0.06	0.0024
Aberdeen_20	30.69	30.069	1.998	0	0
Aberdeen_20	31.716	36.414	6.345	0	0
Aberdeen_20	33.318	41.895	5.481	0.36	0.0108
Aberdeen_20	28.71	42.363	0.468	0.33	0.0115
Aberdeen_20	26.874	34.569	7.794	0	0
Aberdeen_20	27.216	36.882	2.313	0.01	4e-04
Aberdeen_20	27.576	33.876	3.006	0.04	0.0015
Aberdeen_20	22.554	37.233	3.357	0.22	0.0098
Aberdeen_20	21.834	34.569	2.664	0.05	0.0023
Aberdeen_20	34.686	39.249	4.68	0.08	0.0023
Aberdeen_20	23.958	26.109	13.14	10.22	0.4266
Aberdeen_20	14.436	10.692	15.417	5.54	0.3838
Aberdeen_20	19.872	11.88	1.188	2.91	0.1464
Aberdeen_20	31.896	17.892	6.012	0.01	3e-04
Aberdeen_20	31.842	28.719	10.827	0.01	3e-04
Aberdeen_20	34.614	35.163	6.444	0	0
Aberdeen_20	33.75	38.745	3.582	0	0
Aberdeen_20	21.312	25.416	13.329	0.01	5e-04
Aberdeen_20	22.59	22.833	2.583	0	0
Aberdeen_20	30.042	27.171	4.338	2.42	0.0806
Aberdeen_20	18.648	20.574	6.597	15.66	0.8398
Aberdeen_20	16.686	16.389	4.185	7.55	0.4525
Aberdeen_20	30.708	21.888	5.499	0.02	7e-04
Aberdeen_20	28.548	27.504	5.616	0	0
Aberdeen_20	27.378	30.555	3.051	0	0
Aberdeen_20	24.624	34.326	3.771	0.86	0.0349
Aberdeen_20	30.456	34.47	0.144	0	0
Aberdeen_20	30.87	39.825	5.355	0	0
Aberdeen_20	30.492	42.876	3.051	0.05	0.0016
Aberdeen_20	19.35	36.315	6.561	1.68	0.0868
Aberdeen_20	28.548	40.428	4.113	0	0
Aberdeen_20	28.62	39.492	0.936	1.01	0.0353
Aberdeen_20	22.32	20.88	18.612	17.92	0.8029
Aberdeen_20	13.32	14.94	5.94	7.78	0.5841
Aberdeen_20	20.412	20.142	5.202	3.63	0.1778
Aberdeen_20	30.186	27.603	7.461	0.09	0.003
Aberdeen_20	28.728	34.38	6.777	0.22	0.0077
Aberdeen_20	30.24	40.068	5.688	0.07	0.0023
Aberdeen_20	28.62	42.048	1.98	0	0
Aberdeen_20	28.944	40.284	1.764	0	0
Aberdeen_20	30.636	42.3	2.016	0	0
Aberdeen_20	24.48	33.39	8.91	0	0
Aberdeen_20	29.646	31.617	1.773	0	0
Aberdeen_20	32.328	37.602	5.985	0	0
Aberdeen_20	26.316	38.16	0.558	0	0
Aberdeen_20	32.256	43.416	5.256	0	0
Aberdeen_20	27.36	41.886	1.53	0	0
Aberdeen_20	28.098	35.109	6.777	0	0
Aberdeen_20	30.708	32.94	2.169	0	0
Aberdeen_20	32.238	36.225	3.285	0	0
Aberdeen_20	32.634	40.473	4.248	0	0
Aberdeen_20	33.246	45.963	5.49	0.04	0.0012
Aberdeen_20	28.278	40.383	5.58	0.06	0.0021
Aberdeen_20	33.588	39.618	0.765	0	0
Aberdeen_20	30.798	39.789	0.171	0	0
Aberdeen_20	32.598	43.407	3.618	0	0
Aberdeen_20	21.528	40.032	3.375	2.78	0.1291
Aberdeen_20	29.232	41.112	1.08	1.24	0.0424
Aberdeen_20	27.756	39.636	1.476	1.23	0.0443
Aberdeen_20	28.134	42.759	3.123	0.89	0.0316
Aberdeen_20	30.726	43.029	0.27	0.05	0.0016
Aberdeen_20	32.418	44.667	1.638	0.01	3e-04
Aberdeen_20	20.862	38.367	6.3	3.96	0.1898
Aberdeen_20	30.888	41.04	2.673	0.02	6e-04
Aberdeen_20	34.65	45.081	4.041	0	0
Aberdeen_20	36.198	46.413	1.332	0	0
Aberdeen_20	35.586	46.494	0.081	0	0
Aberdeen_20	34.452	47.565	1.071	0	0
Aberdeen_20	28.926	45.693	1.872	0	0
Aberdeen_20	30.168	43.506	2.187	0	0
Aberdeen_20	32.346	44.901	1.395	0.04	0.0012
Aberdeen_20	28.44	44.928	0.027	0.03	0.0011
Aberdeen_20	22.572	38.826	6.102	0	0
Aberdeen_20	30.258	40.185	1.359	0	0
Aberdeen_20	29.592	40.716	0.531	0.01	3e-04
Aberdeen_20	30.312	40.032	0.684	0	0
Aberdeen_20	31.518	40.977	0.945	0.07	0.0022
Aberdeen_20	24.354	42.183	1.206	0.19	0.0078
Aberdeen_20	26.838	40.761	1.422	0.07	0.0026
Aberdeen_20	29.718	38.763	1.998	0	0
Aberdeen_20	33.822	40.527	1.764	0	0
Aberdeen_20	31.86	46.26	5.733	0	0
Aberdeen_20	30.402	48.906	2.646	0	0
Aberdeen_20	28.746	49.473	0.567	0	0
Aberdeen_20	27.234	48.627	0.846	0.24	0.0088
Aberdeen_20	26.424	44.766	3.861	0.02	8e-04
Aberdeen_20	30.222	44.163	0.603	0	0
Aberdeen_20	28.188	46.368	2.205	0	0
Aberdeen_20	29.142	46.161	0.207	0	0
Aberdeen_20	25.56	46.836	0.675	0.09	0.0035
Aberdeen_20	26.784	44.208	2.628	2.54	0.0948
Aberdeen_20	29.358	43.749	0.459	0.69	0.0235
Aberdeen_20	21.636	41.742	2.007	0.1	0.0046
Aberdeen_20	27.972	40.266	1.476	0.03	0.0011
Aberdeen_20	24.084	41.994	1.728	0.02	8e-04
Aberdeen_20	25.506	31.725	10.269	0	0
Aberdeen_20	18.396	23.184	8.541	0.6	0.0326
Aberdeen_20	31.95	27.279	4.095	0	0
Aberdeen_20	35.1	36.486	9.207	0	0
Aberdeen_20	30.726	40.509	4.023	0	0
Aberdeen_20	28.818	45.783	5.274	0	0
Aberdeen_20	37.386	45.189	0.594	0	0
