env_code	DTR	GDD	dGDD	PR	PRDTR
Ashton_14	19.692	5.166	0	0.45	0.0229
Ashton_14	25.902	9.54	4.374	0.76	0.0293
Ashton_14	25.47	11.448	1.908	0.18	0.0071
Ashton_14	27.324	17.154	5.706	0.53	0.0194
Ashton_14	17.442	16.011	1.143	2.68	0.1537
Ashton_14	27.126	15.075	0.936	0.89	0.0328
Ashton_14	21.564	11.862	3.213	0.81	0.0376
Ashton_14	23.742	9.63	2.232	0.59	0.0249
Ashton_14	28.602	12.942	3.312	0.7	0.0245
Ashton_14	30.456	18.846	5.904	0.48	0.0158
Ashton_14	34.416	19.566	0.72	0.08	0.0023
Ashton_14	29.106	24.543	4.977	1.06	0.0364
Ashton_14	24.282	20.511	4.032	1.78	0.0733
Ashton_14	27.702	20.439	0.072	0.35	0.0126
Ashton_14	28.566	21.915	1.476	0.48	0.0168
Ashton_14	30.24	21.744	0.171	0.21	0.0069
Ashton_14	29.394	23.049	1.305	1.19	0.0405
Ashton_14	17.982	19.647	3.402	0.14	0.0078
Ashton_14	26.28	20.952	1.305	0.42	0.016
Ashton_14	21.258	21.123	0.171	1.64	0.0771
Ashton_14	15.606	16.875	4.248	1.9	0.1217
Ashton_14	28.008	19.962	3.087	0.19	0.0068
Ashton_14	26.856	20.988	1.026	1.18	0.0439
Ashton_14	24.282	18.999	1.989	0.79	0.0325
Ashton_14	27.828	19.764	0.765	0.43	0.0155
Ashton_14	27.108	17.892	1.872	0.41	0.0151
Ashton_14	27.63	19.053	1.161	2.65	0.0959
Ashton_14	20.376	16.362	2.691	2.38	0.1168
Ashton_14	31.158	19.035	2.673	0.13	0.0042
Ashton_14	23.022	23.589	4.554	1.17	0.0508
Ashton_14	24.912	18.828	4.761	0.18	0.0072
Ashton_14	33.138	21.015	2.187	0.39	0.0118
Ashton_14	26.262	16.623	4.392	2.6	0.099
Ashton_14	18.918	10.089	6.534	1.62	0.0856
Ashton_14	25.416	13.392	3.303	2.31	0.0909
Ashton_14	15.12	13.266	0.126	10.81	0.7149
Ashton_14	15.246	8.343	4.923	6.75	0.4427
Ashton_14	13.788	6.021	2.322	5.57	0.404
Ashton_14	27.216	13.68	7.659	2.94	0.108
Ashton_14	30.816	21.024	7.344	0.36	0.0117
Ashton_14	28.998	24.255	3.231	0.52	0.0179
Ashton_14	22.878	22.401	1.854	1.48	0.0647
Ashton_14	26.1	22.338	0.063	0.68	0.0261
Ashton_14	26.442	24.993	2.655	1.51	0.0571
Ashton_14	21.042	25.983	0.99	1.5	0.0713
Ashton_14	18.018	23.805	2.178	3.9	0.2165
Ashton_14	13.806	18.423	5.382	11.95	0.8656
Ashton_14	21.834	19.377	0.954	4.54	0.2079
Ashton_14	27.09	20.259	0.882	0	0
Ashton_14	29.646	17.415	2.844	0	0
Ashton_14	33.084	21.78	4.365	0	0
Ashton_14	34.11	27.009	5.229	0.85	0.0249
Ashton_14	28.08	29.592	2.583	0.87	0.031
Ashton_14	29.808	31.788	2.196	0.52	0.0174
Ashton_14	31.032	34.614	2.826	0.18	0.0058
Ashton_14	30.258	32.283	2.331	0.02	7e-04
Ashton_14	25.65	31.617	0.666	0.11	0.0043
Ashton_14	30.438	31.869	0.252	0.06	0.002
Ashton_14	28.908	34.668	2.799	0.89	0.0308
Ashton_14	19.62	34.506	0.162	0.49	0.025
Ashton_14	23.958	33.471	1.035	1.75	0.073
Ashton_14	26.532	32.364	1.107	3.99	0.1504
Ashton_14	28.566	34.371	2.007	0.26	0.0091
Ashton_14	25.686	34.893	0.522	1.68	0.0654
Ashton_14	23.274	31.077	3.816	5.52	0.2372
Ashton_14	25.488	28.818	2.259	0.28	0.011
Ashton_14	25.038	32.391	3.573	0.58	0.0232
Ashton_14	28.62	34.218	1.827	0.07	0.0024
Ashton_14	29.754	32.481	1.737	0	0
Ashton_14	27.774	33.849	1.368	0.03	0.0011
Ashton_14	17.028	31.338	2.511	4.67	0.2743
Ashton_14	27.612	33.336	1.998	0.51	0.0185
Ashton_14	26.748	37.152	3.816	0.12	0.0045
Ashton_14	28.386	29.583	7.569	0.25	0.0088
Ashton_14	31.266	27.423	2.16	0.02	6e-04
Ashton_14	33.696	28.944	1.521	0.16	0.0047
Ashton_14	37.062	32.175	3.231	0.01	3e-04
Ashton_14	30.132	36.828	4.653	0.8	0.0265
Ashton_14	17.028	29.862	6.966	3.09	0.1815
Ashton_14	15.084	29.052	0.81	0.2	0.0133
Ashton_14	27.918	30.735	1.683	1.58	0.0566
Ashton_14	31.518	33.417	2.682	2.25	0.0714
Ashton_14	27.702	32.247	1.17	1.57	0.0567
Ashton_14	32.49	35.505	3.258	0.27	0.0083
Ashton_14	10.854	29.349	6.156	6.72	0.6191
Ashton_14	11.862	28.503	0.846	9.46	0.7975
Ashton_14	12.978	26.595	1.908	7.4	0.5702
Ashton_14	15.75	24.939	1.656	3.57	0.2267
Ashton_14	21.6	25.488	0.549	2.81	0.1301
Ashton_14	29.286	28.791	3.303	0.77	0.0263
Ashton_14	30.672	31.932	3.141	0.4	0.013
Ashton_14	32.832	34.65	2.718	0.08	0.0024
Ashton_14	24.048	31.608	3.042	2.63	0.1094
Ashton_14	22.014	30.951	0.657	3.35	0.1522
Ashton_14	19.656	30.618	0.333	2.74	0.1394
Ashton_14	24.552	29.376	1.242	1.7	0.0692
Ashton_14	27.846	28.953	0.423	0.19	0.0068
Ashton_14	29.61	29.817	0.864	0.15	0.0051
Ashton_14	30.33	31.905	2.088	0.32	0.0106
Ashton_14	22.626	29.529	2.376	5.99	0.2647
Ashton_14	17.1	22.428	7.101	7.43	0.4345
Ashton_14	11.448	21.636	0.792	14.91	1.3024
Ashton_14	8.982	18.063	3.573	7.14	0.7949
Ashton_14	15.354	13.491	4.572	7.03	0.4579
Ashton_14	22.212	15.57	2.079	2.3	0.1035
Ashton_14	24.642	17.541	1.971	2.03	0.0824
Ashton_14	27.774	21.933	4.392	0.05	0.0018
Ashton_14	26.586	25.569	3.636	1.28	0.0481
Ashton_14	27.45	26.901	1.332	3.29	0.1199
Ashton_14	29.97	25.983	0.918	0.27	0.009
Ashton_14	15.696	23.4	2.583	11.74	0.748
Ashton_14	17.478	15.273	8.127	14.49	0.829
Ashton_14	22.86	17.298	2.025	1.65	0.0722
Ashton_14	30.654	19.161	1.863	0	0
Ashton_14	26.37	20.511	1.35	0.01	4e-04
Ashton_14	29.034	14.805	5.706	0.17	0.0059
Ashton_14	35.838	17.793	2.988	0.01	3e-04
Ashton_14	34.74	21.798	4.005	0.29	0.0083
Ashton_14	28.584	24.246	2.448	0.77	0.0269
Ashton_14	28.368	26.1	1.854	0.25	0.0088
Ashton_14	27.054	22.455	3.645	2.02	0.0747
Ashton_14	22.788	14.958	7.497	1.19	0.0522
Ashton_14	20.556	7.191	7.767	0.53	0.0258
Ashton_14	35.784	12.42	5.229	0	0
Ashton_14	33.048	16.416	3.996	0.23	0.007
Ashton_14	32.508	21.006	4.59	0.38	0.0117
Ashton_14	32.004	23.868	2.862	0.27	0.0084
Ashton_14	23.238	23.517	0.351	1.06	0.0456
Ashton_14	25.146	29.673	6.156	0.19	0.0076
Ashton_14	23.238	26.433	3.24	10.33	0.4445
Ashton_14	25.56	23.238	3.195	0.42	0.0164
Ashton_14	34.848	25.848	2.61	0.24	0.0069
Ashton_14	31.41	26.739	0.891	0.72	0.0229
Ashton_14	14.382	21.933	4.806	6.02	0.4186
Ashton_14	24.39	23.157	1.224	0.43	0.0176
Ashton_14	29.214	28.215	5.058	0.01	3e-04
Ashton_14	28.764	28.314	0.099	0.15	0.0052
Ashton_14	21.258	26.739	1.575	2.26	0.1063
Ashton_14	11.826	18.099	8.64	14.46	1.2227
Ashton_14	16.902	15.633	2.466	11.41	0.6751
Ashton_14	15.084	10.728	4.905	3.37	0.2234
Ashton_14	12.006	8.523	2.205	13.12	1.0928
Ashton_14	18.972	6.93	1.593	1.39	0.0733
Ashton_14	25.92	9.27	2.34	0.01	4e-04
Ashton_14	27.306	10.179	0.909	0	0
Ashton_14	31.608	13.446	3.267	4.25	0.1345
Ashton_14	23.796	16.344	2.898	0.12	0.005
Ashton_14	26.064	17.568	1.224	0.11	0.0042
Ashton_14	23.436	19.512	1.944	0.03	0.0013
Ashton_14	25.074	20.853	1.341	0	0
