env_code	DTR	GDD	dGDD	PR	PRDTR
Idaho Falls_17	22.824	8.955	0	0.98	0.0429
Idaho Falls_17	28.782	15.939	6.984	0.31	0.0108
Idaho Falls_17	28.296	17.676	1.737	0.81	0.0286
Idaho Falls_17	17.262	5.373	12.303	2.34	0.1356
Idaho Falls_17	23.4	7.155	1.782	0.13	0.0056
Idaho Falls_17	30.654	13.941	6.786	0.01	3e-04
Idaho Falls_17	13.41	15.363	1.422	2.18	0.1626
Idaho Falls_17	12.546	11.223	4.14	6.78	0.5404
Idaho Falls_17	21.186	12.429	1.206	0.83	0.0392
Idaho Falls_17	10.26	6.75	5.679	7.36	0.7173
Idaho Falls_17	20.178	8.091	1.341	1.13	0.056
Idaho Falls_17	29.43	12.753	4.662	0.02	7e-04
Idaho Falls_17	16.038	14.625	1.872	0.83	0.0518
Idaho Falls_17	10.584	6.966	7.659	8.55	0.8078
Idaho Falls_17	16.506	8.667	1.701	5.81	0.352
Idaho Falls_17	15.066	8.217	0.45	6.19	0.4109
Idaho Falls_17	12.312	5.796	2.421	5.2	0.4224
Idaho Falls_17	14.04	5.796	0	3.61	0.2571
Idaho Falls_17	26.244	9.324	3.528	0.26	0.0099
Idaho Falls_17	22.374	11.034	1.71	0.5	0.0223
Idaho Falls_17	23.652	11.619	0.585	0.68	0.0288
Idaho Falls_17	24.39	15.039	3.42	0.47	0.0193
Idaho Falls_17	30.744	15.588	0.549	0	0
Idaho Falls_17	30.096	26.478	10.89	0.04	0.0013
Idaho Falls_17	31.716	29.322	2.844	0.14	0.0044
Idaho Falls_17	26.73	30.051	0.729	0.24	0.009
Idaho Falls_17	17.01	18.981	11.07	1.21	0.0711
Idaho Falls_17	26.352	20.844	1.863	0.23	0.0087
Idaho Falls_17	23.508	23.058	2.214	0.31	0.0132
Idaho Falls_17	28.44	24.228	1.17	0.02	7e-04
Idaho Falls_17	29.358	29.133	4.905	0.1	0.0034
Idaho Falls_17	34.326	24.849	4.284	0.12	0.0035
Idaho Falls_17	18	9.792	15.057	0.61	0.0339
Idaho Falls_17	29.844	13.536	3.744	0.03	0.001
Idaho Falls_17	21.312	15.354	1.818	0.17	0.008
Idaho Falls_17	22.68	13.464	1.89	6.75	0.2976
Idaho Falls_17	10.8	4.581	8.883	3.89	0.3602
Idaho Falls_17	25.02	10.368	5.787	1.9	0.0759
Idaho Falls_17	26.946	12.681	2.313	0.22	0.0082
Idaho Falls_17	21.006	15.489	2.808	1.74	0.0828
Idaho Falls_17	25.578	20.349	4.86	0.49	0.0192
Idaho Falls_17	28.296	23.994	3.645	0.13	0.0046
Idaho Falls_17	29.412	26.946	2.952	0.13	0.0044
Idaho Falls_17	27.18	23.688	3.258	0.29	0.0107
Idaho Falls_17	25.182	14.373	9.315	0.13	0.0052
Idaho Falls_17	11.088	12.366	2.007	4.66	0.4203
Idaho Falls_17	28.62	17.424	5.058	0.31	0.0108
Idaho Falls_17	25.722	26.811	9.387	0.09	0.0035
Idaho Falls_17	29.25	27.225	0.414	0.09	0.0031
Idaho Falls_17	30.186	30.897	3.672	0.06	0.002
Idaho Falls_17	27.144	34.974	4.077	0.34	0.0125
Idaho Falls_17	20.088	29.214	5.76	1.03	0.0513
Idaho Falls_17	27	26.676	2.538	0.07	0.0026
Idaho Falls_17	32.022	31.419	4.743	0	0
Idaho Falls_17	27.972	38.052	6.633	0.13	0.0046
Idaho Falls_17	21.654	30.051	8.001	0.06	0.0028
Idaho Falls_17	35.802	32.265	2.214	0.67	0.0187
Idaho Falls_17	32.832	37.908	5.643	0.27	0.0082
Idaho Falls_17	29.448	35.298	2.61	0	0
Idaho Falls_17	20.592	24.012	11.286	4.8	0.2331
Idaho Falls_17	17.982	20.331	3.681	0.6	0.0334
Idaho Falls_17	29.754	27.873	7.542	1.04	0.035
Idaho Falls_17	24.948	23.382	4.491	6.52	0.2613
Idaho Falls_17	18.306	17.649	5.733	10.17	0.5556
Idaho Falls_17	29.952	20.916	3.267	0.03	0.001
Idaho Falls_17	23.238	27.765	6.849	0.16	0.0069
Idaho Falls_17	16.758	28.377	0.612	3.53	0.2106
Idaho Falls_17	19.764	28.17	0.207	0.61	0.0309
Idaho Falls_17	31.248	29.394	1.224	0.04	0.0013
Idaho Falls_17	31.842	35.181	5.787	0.01	3e-04
Idaho Falls_17	31.662	40.581	5.4	0.37	0.0117
Idaho Falls_17	27.504	39.114	1.467	0.11	0.004
Idaho Falls_17	26.82	30.636	8.478	0.01	4e-04
Idaho Falls_17	30.042	26.883	3.753	0	0
Idaho Falls_17	32.292	30.906	4.023	0.01	3e-04
Idaho Falls_17	34.128	34.812	3.906	0	0
Idaho Falls_17	34.704	39.348	4.536	0.04	0.0012
Idaho Falls_17	20.952	36.162	3.186	1.47	0.0702
Idaho Falls_17	23.85	31.941	4.221	2.13	0.0893
Idaho Falls_17	19.926	26.649	5.292	0.62	0.0311
Idaho Falls_17	30.816	28.926	2.277	0	0
Idaho Falls_17	33.876	34.524	5.598	0.05	0.0015
Idaho Falls_17	27.306	40.815	6.291	0.14	0.0051
Idaho Falls_17	30.312	42.12	1.305	0	0
Idaho Falls_17	30.744	42.84	0.72	0.12	0.0039
Idaho Falls_17	30.384	46.89	4.05	0	0
Idaho Falls_17	31.5	45.684	1.206	0.3	0.0095
Idaho Falls_17	29.034	46.143	0.459	0.3	0.0103
Idaho Falls_17	33.066	45.243	0.9	0.01	3e-04
Idaho Falls_17	26.946	43.947	1.296	0.98	0.0364
Idaho Falls_17	25.668	45.144	1.197	1.2	0.0468
Idaho Falls_17	28.098	40.527	4.617	0.16	0.0057
Idaho Falls_17	30.798	39.627	0.9	0	0
Idaho Falls_17	32.382	44.001	4.374	0.16	0.0049
Idaho Falls_17	27.432	47.07	3.069	0.02	7e-04
Idaho Falls_17	28.44	46.674	0.396	0.88	0.0309
Idaho Falls_17	24.678	44.091	2.583	0.08	0.0032
Idaho Falls_17	27	43.074	1.017	1.05	0.0389
Idaho Falls_17	31.356	42.588	0.486	0.39	0.0124
Idaho Falls_17	28.782	44.469	1.881	0.17	0.0059
Idaho Falls_17	26.064	44.334	0.135	1.79	0.0687
Idaho Falls_17	29.448	40.302	4.032	0.03	0.001
Idaho Falls_17	30.726	40.887	0.585	0.03	0.001
Idaho Falls_17	31.464	43.128	2.241	0.01	3e-04
Idaho Falls_17	31.158	44.289	1.161	0.01	3e-04
Idaho Falls_17	11.484	37.422	6.867	0.5	0.0435
Idaho Falls_17	20.646	36.819	0.603	4.78	0.2315
Idaho Falls_17	23.094	36.657	0.162	1.59	0.0688
Idaho Falls_17	25.434	38.961	2.304	0.44	0.0173
Idaho Falls_17	27.648	41.508	2.547	0.17	0.0061
Idaho Falls_17	27.72	42.408	0.9	0.18	0.0065
Idaho Falls_17	28.494	45.531	3.123	0.22	0.0077
Idaho Falls_17	30.546	44.811	0.72	0.01	3e-04
Idaho Falls_17	27.594	43.389	1.422	0	0
Idaho Falls_17	31.338	40.671	2.718	0.08	0.0026
Idaho Falls_17	31.608	42.75	2.079	0	0
Idaho Falls_17	29.34	38.97	3.78	0.01	3e-04
Idaho Falls_17	26.658	35.109	3.861	0	0
Idaho Falls_17	16.938	35.253	0.144	0.36	0.0213
Idaho Falls_17	15.696	33.426	1.827	1.76	0.1121
Idaho Falls_17	24.012	34.488	1.062	2.65	0.1104
Idaho Falls_17	26.388	36.504	2.016	0.4	0.0152
Idaho Falls_17	30.528	38.754	2.25	0.3	0.0098
Idaho Falls_17	29.448	38.304	0.45	0.66	0.0224
Idaho Falls_17	20.736	39.69	1.386	0.91	0.0439
Idaho Falls_17	9.522	28.233	11.457	2.11	0.2216
Idaho Falls_17	26.028	31.644	3.411	0.73	0.028
Idaho Falls_17	30.996	34.524	2.88	0.12	0.0039
Idaho Falls_17	30.348	35.676	1.152	0.2	0.0066
Idaho Falls_17	30.438	37.557	1.881	0.06	0.002
Idaho Falls_17	33.228	38.25	0.693	0.04	0.0012
Idaho Falls_17	31.284	36.288	1.962	0	0
Idaho Falls_17	30.258	36.423	0.135	0.05	0.0017
Idaho Falls_17	34.074	38.259	1.836	0.1	0.0029
Idaho Falls_17	12.492	32.184	6.075	2.8	0.2241
Idaho Falls_17	24.804	36.126	3.942	0.26	0.0105
Idaho Falls_17	29.052	40.716	4.59	0.14	0.0048
Idaho Falls_17	27.972	41.958	1.242	0.05	0.0018
Idaho Falls_17	31.752	40.464	1.494	0.03	9e-04
Idaho Falls_17	31.248	43.164	2.7	0.06	0.0019
Idaho Falls_17	28.764	46.008	2.844	0.05	0.0017
Idaho Falls_17	18.792	40.5	5.508	0.15	0.008
Idaho Falls_17	20.754	38.511	1.989	0.79	0.0381
Idaho Falls_17	29.232	36.774	1.737	0	0
Idaho Falls_17	30.456	42.57	5.796	0	0
Idaho Falls_17	30.33	43.965	1.395	0	0
Idaho Falls_17	28.368	41.616	2.349	0	0
Idaho Falls_17	30.294	35.541	6.075	0	0
Idaho Falls_17	30.744	36.234	0.693	0	0
Idaho Falls_17	25.902	39.537	3.303	0	0
