env_code	DTR	GDD	dGDD	PR	PRDTR
Idaho Falls_06	18.342	10.611	0	1.7	0.0927
Idaho Falls_06	25.218	11.817	1.206	0.25	0.0099
Idaho Falls_06	25.038	16.623	4.806	0	0
Idaho Falls_06	28.764	18.9	2.277	0	0
Idaho Falls_06	30.546	16.011	2.889	0	0
Idaho Falls_06	27.918	21.573	5.562	0.04	0.0014
Idaho Falls_06	23.958	18.405	3.168	0.13	0.0054
Idaho Falls_06	31.59	15.138	3.267	0.03	9e-04
Idaho Falls_06	21.51	10.728	4.41	0.13	0.006
Idaho Falls_06	30.834	13.536	2.808	0	0
Idaho Falls_06	23.976	14.742	1.206	0.35	0.0146
Idaho Falls_06	28.548	15.39	0.648	0.06	0.0021
Idaho Falls_06	29.682	18.243	2.853	0.11	0.0037
Idaho Falls_06	13.698	14.463	3.78	2.58	0.1883
Idaho Falls_06	22.446	13.437	1.026	2.47	0.11
Idaho Falls_06	25.812	10.188	3.249	0.1	0.0039
Idaho Falls_06	26.262	12.816	2.628	0.01	4e-04
Idaho Falls_06	32.004	19.566	6.75	0.07	0.0022
Idaho Falls_06	28.314	24.039	4.473	0.07	0.0025
Idaho Falls_06	30.042	25.353	1.314	0	0
Idaho Falls_06	32.364	28.62	3.267	0.01	3e-04
Idaho Falls_06	34.686	30.375	1.755	0.01	3e-04
Idaho Falls_06	33.408	33.156	2.781	0	0
Idaho Falls_06	30.006	34.677	1.521	0.03	0.001
Idaho Falls_06	27.756	37.602	2.925	0.45	0.0162
Idaho Falls_06	23.454	34.893	2.709	0.28	0.0119
Idaho Falls_06	20.016	31.644	3.249	0.43	0.0215
Idaho Falls_06	26.118	33.489	1.845	0.05	0.0019
Idaho Falls_06	21.798	28.665	4.824	1.65	0.0757
Idaho Falls_06	20.034	24.165	4.5	0.31	0.0155
Idaho Falls_06	30.906	28.557	4.392	0.03	0.001
Idaho Falls_06	26.946	30.555	1.998	0.1	0.0037
Idaho Falls_06	27.846	18.477	12.078	2.1	0.0754
Idaho Falls_06	17.01	12.015	6.462	9.75	0.5732
Idaho Falls_06	12.402	7.299	4.716	4.41	0.3556
Idaho Falls_06	20.628	11.556	4.257	1.28	0.0621
Idaho Falls_06	23.544	17.712	6.156	0.2	0.0085
Idaho Falls_06	35.496	20.628	2.916	0	0
Idaho Falls_06	36.756	29.394	8.766	0.01	3e-04
Idaho Falls_06	31.518	33.669	4.275	0.21	0.0067
Idaho Falls_06	22.806	32.301	1.368	0.06	0.0026
Idaho Falls_06	26.28	33.246	0.945	0.33	0.0126
Idaho Falls_06	27.162	32.013	1.233	0	0
Idaho Falls_06	36.072	38.052	6.039	0.03	8e-04
Idaho Falls_06	32.58	42.894	4.842	0.39	0.012
Idaho Falls_06	13.914	30.033	12.861	4.67	0.3356
Idaho Falls_06	14.076	24.336	5.697	10.04	0.7133
Idaho Falls_06	24.336	27.522	3.186	2.45	0.1007
Idaho Falls_06	31.248	32.166	4.644	0.41	0.0131
Idaho Falls_06	33.534	36.423	4.257	0.28	0.0083
Idaho Falls_06	30.924	34.668	1.755	4.04	0.1306
Idaho Falls_06	11.862	19.053	15.615	7.21	0.6078
Idaho Falls_06	27.036	21.69	2.637	0.5	0.0185
Idaho Falls_06	29.088	24.57	2.88	0.02	7e-04
Idaho Falls_06	27.216	29.214	4.644	0.11	0.004
Idaho Falls_06	33.48	30.708	1.494	0.04	0.0012
Idaho Falls_06	26.838	33.903	3.195	0.45	0.0168
Idaho Falls_06	28.53	27.765	6.138	0	0
Idaho Falls_06	31.05	28.521	0.756	0	0
Idaho Falls_06	32.13	29.727	1.206	0.03	9e-04
Idaho Falls_06	31.014	34.767	5.04	0	0
Idaho Falls_06	30.186	35.829	1.062	0	0
Idaho Falls_06	33.876	37.224	1.395	0	0
Idaho Falls_06	30.222	39.591	2.367	0.1	0.0033
Idaho Falls_06	34.074	38.403	1.188	0.15	0.0044
Idaho Falls_06	33.156	41.04	2.637	0.18	0.0054
Idaho Falls_06	25.524	40.752	0.288	0.2	0.0078
Idaho Falls_06	28.908	40.032	0.72	0.06	0.0021
Idaho Falls_06	30.744	39.834	0.198	1.52	0.0494
Idaho Falls_06	28.854	41.373	1.539	0.09	0.0031
Idaho Falls_06	28.692	42.498	1.125	1.06	0.0369
Idaho Falls_06	32.346	41.841	0.657	0.12	0.0037
Idaho Falls_06	12.582	34.335	7.506	2.33	0.1852
Idaho Falls_06	25.632	35.064	0.729	2.03	0.0792
Idaho Falls_06	26.622	39.771	4.707	0.59	0.0222
Idaho Falls_06	29.16	39.096	0.675	0	0
Idaho Falls_06	29.088	41.472	2.376	0.51	0.0175
Idaho Falls_06	32.544	40.266	1.206	0.19	0.0058
Idaho Falls_06	32.526	42.687	2.421	1.44	0.0443
Idaho Falls_06	27.756	40.464	2.223	1.51	0.0544
Idaho Falls_06	28.278	37.737	2.727	0	0
Idaho Falls_06	35.82	43.83	6.093	0.04	0.0011
Idaho Falls_06	35.928	46.179	2.349	0.12	0.0033
Idaho Falls_06	33.678	45.837	0.342	0.01	3e-04
Idaho Falls_06	29.844	48.078	2.241	0	0
Idaho Falls_06	29.16	47.43	0.648	0.02	7e-04
Idaho Falls_06	32.904	45.684	1.746	0.32	0.0097
Idaho Falls_06	31.014	47.664	1.98	0.04	0.0013
Idaho Falls_06	32.292	46.836	0.828	0.01	3e-04
Idaho Falls_06	36.036	46.539	0.297	0.03	8e-04
Idaho Falls_06	25.38	50.094	3.555	0.46	0.0181
Idaho Falls_06	19.494	45.765	4.329	0.54	0.0277
Idaho Falls_06	30.042	45.639	0.126	0.58	0.0193
Idaho Falls_06	28.494	46.359	0.72	0.6	0.0211
Idaho Falls_06	34.2	45.108	1.251	1.82	0.0532
Idaho Falls_06	33.498	47.205	2.097	0.22	0.0066
Idaho Falls_06	26.1	48.096	0.891	0.04	0.0015
Idaho Falls_06	24.39	42.597	5.499	0.03	0.0012
Idaho Falls_06	23.04	34.902	7.695	1.31	0.0569
Idaho Falls_06	22.68	35.244	0.342	1.79	0.0789
Idaho Falls_06	31.446	33.417	1.827	0	0
Idaho Falls_06	30.798	36.513	3.096	0.56	0.0182
Idaho Falls_06	31.572	39.924	3.411	1.46	0.0462
Idaho Falls_06	29.988	41.724	1.8	0.31	0.0103
Idaho Falls_06	29.754	42.345	0.621	0.23	0.0077
Idaho Falls_06	31.482	43.515	1.17	0.44	0.014
Idaho Falls_06	30.906	42.471	1.044	0.37	0.012
Idaho Falls_06	26.442	36.441	6.03	0.12	0.0045
Idaho Falls_06	34.974	39.573	3.132	0.12	0.0034
Idaho Falls_06	29.124	38.358	1.215	0.1	0.0034
Idaho Falls_06	27.666	37.053	1.305	0.06	0.0022
Idaho Falls_06	33.66	31.248	5.805	0.09	0.0027
Idaho Falls_06	34.578	38.691	7.443	0.16	0.0046
Idaho Falls_06	29.322	41.139	2.448	0.83	0.0283
Idaho Falls_06	32.958	38.511	2.628	0.04	0.0012
Idaho Falls_06	26.352	35.1	3.411	0.01	4e-04
Idaho Falls_06	29.61	32.049	3.051	0.03	0.001
Idaho Falls_06	32.418	35.595	3.546	0.01	3e-04
Idaho Falls_06	33.588	39.042	3.447	0.04	0.0012
Idaho Falls_06	32.76	42.732	3.69	0.01	3e-04
Idaho Falls_06	33.732	43.074	0.342	0	0
Idaho Falls_06	29.898	42.363	0.711	0.08	0.0027
Idaho Falls_06	28.188	33.984	8.379	0.03	0.0011
Idaho Falls_06	22.77	36.081	2.097	0.21	0.0092
Idaho Falls_06	16.65	22.797	13.284	5.85	0.3514
Idaho Falls_06	32.382	30.015	7.218	0	0
Idaho Falls_06	32.346	35.163	5.148	0.09	0.0028
Idaho Falls_06	33.75	39.627	4.464	0.02	6e-04
Idaho Falls_06	30.546	30.069	9.558	0	0
Idaho Falls_06	29.826	22.635	7.434	0.01	3e-04
Idaho Falls_06	32.616	25.632	2.997	0.01	3e-04
Idaho Falls_06	39.672	29.142	3.51	0.01	3e-04
Idaho Falls_06	36.9	34.92	5.778	0.08	0.0022
Idaho Falls_06	33.354	34.335	0.585	0.08	0.0024
Idaho Falls_06	29.43	39.753	5.418	0.12	0.0041
Idaho Falls_06	26.19	37.287	2.466	0.08	0.0031
Idaho Falls_06	24.876	34.038	3.249	1.31	0.0527
Idaho Falls_06	15.084	29.43	4.608	2.2	0.1458
Idaho Falls_06	24.192	30.618	1.188	0.7	0.0289
Idaho Falls_06	26.568	33.336	2.718	0.15	0.0056
Idaho Falls_06	29.7	33.318	0.018	0.02	7e-04
Idaho Falls_06	32.238	35.631	2.313	0.13	0.004
Idaho Falls_06	31.464	36.126	0.495	0	0
Idaho Falls_06	18.288	28.008	8.118	1.04	0.0569
Idaho Falls_06	14.778	15.615	12.393	18.31	1.239
Idaho Falls_06	15.912	10.674	4.941	1.96	0.1232
Idaho Falls_06	22.14	13.41	2.736	0.52	0.0235
Idaho Falls_06	31.878	15.912	2.502	0.02	6e-04
Idaho Falls_06	30.294	23.679	7.767	0.54	0.0178
Idaho Falls_06	15.246	16.623	7.056	3.52	0.2309
