env_code	DTR	GDD	dGDD	PR	PRDTR
Rupert_13	24.192	15.804	0	0.09	0.0037
Rupert_13	28.764	16.506	0.702	0	0
Rupert_13	31.482	19.611	3.105	0	0
Rupert_13	18.108	13.896	5.715	2.83	0.1563
Rupert_13	27.828	16.596	2.7	0.14	0.005
Rupert_13	29.232	18.054	1.458	0	0
Rupert_13	28.314	22.599	4.545	1.21	0.0427
Rupert_13	13.68	15.732	6.867	0.59	0.0431
Rupert_13	12.924	11.718	4.014	0.86	0.0665
Rupert_13	17.982	12.231	0.513	6.18	0.3437
Rupert_13	18.378	6.984	5.247	3.53	0.1921
Rupert_13	23.922	8.289	1.305	0.12	0.005
Rupert_13	32.076	13.491	5.202	0.57	0.0178
Rupert_13	25.218	11.835	1.656	0.04	0.0016
Rupert_13	28.566	12.141	0.306	0	0
Rupert_13	23.508	8.289	3.852	3.22	0.137
Rupert_13	18.486	4.545	3.744	0.29	0.0157
Rupert_13	13.986	4.149	0.396	1.09	0.0779
Rupert_13	14.652	3.474	0.675	1.21	0.0826
Rupert_13	19.746	4.905	1.431	0.48	0.0243
Rupert_13	26.244	8.991	4.086	0	0
Rupert_13	17.154	8.28	0.711	3.72	0.2169
Rupert_13	22.392	11.358	3.078	1.26	0.0563
Rupert_13	27.432	12.852	1.494	0.05	0.0018
Rupert_13	20.106	6.696	6.156	0.66	0.0328
Rupert_13	27.54	8.73	2.034	0	0
Rupert_13	28.89	12.33	3.6	0	0
Rupert_13	28.692	16.506	4.176	0	0
Rupert_13	32.004	19.44	2.934	0	0
Rupert_13	31.032	25.218	5.778	0	0
Rupert_13	23.04	20.934	4.284	0.01	4e-04
Rupert_13	26.478	16.101	4.833	0.07	0.0026
Rupert_13	20.268	8.757	7.344	0.03	0.0015
Rupert_13	27.684	10.629	1.872	0.05	0.0018
Rupert_13	35.01	15.687	5.058	0	0
Rupert_13	32.346	20.007	4.32	0.01	3e-04
Rupert_13	21.384	19.476	0.531	0.14	0.0065
Rupert_13	25.722	19.791	0.315	0.01	4e-04
Rupert_13	27.45	26.253	6.462	0.22	0.008
Rupert_13	16.704	20.142	6.111	1.48	0.0886
Rupert_13	28.476	24.228	4.086	0.48	0.0169
Rupert_13	26.28	29.538	5.31	0.57	0.0217
Rupert_13	27.432	30.024	0.486	0.15	0.0055
Rupert_13	30.258	33.453	3.429	0	0
Rupert_13	27.342	40.455	7.002	0	0
Rupert_13	31.158	39.249	1.206	0	0
Rupert_13	28.944	32.31	6.939	0	0
Rupert_13	27.954	32.067	0.243	0.08	0.0029
Rupert_13	14.994	24.777	7.29	1.15	0.0767
Rupert_13	16.668	23.904	0.873	4.1	0.246
Rupert_13	19.368	21.204	2.7	0.37	0.0191
Rupert_13	23.724	19.296	1.908	0.71	0.0299
Rupert_13	25.866	25.137	5.841	0.22	0.0085
Rupert_13	28.854	26.343	1.206	0.16	0.0055
Rupert_13	14.832	13.572	12.771	0.02	0.0013
Rupert_13	25.056	16.092	2.52	0.42	0.0168
Rupert_13	37.062	19.773	3.681	0	0
Rupert_13	26.334	25.065	5.292	0.01	4e-04
Rupert_13	25.704	27.504	2.439	0.06	0.0023
Rupert_13	24.408	20.502	7.002	0.65	0.0266
Rupert_13	10.638	16.857	3.645	7.47	0.7022
Rupert_13	24.714	20.223	3.366	1.01	0.0409
Rupert_13	26.568	18.036	2.187	0.04	0.0015
Rupert_13	32.058	19.971	1.935	0	0
Rupert_13	34.65	25.803	5.832	0	0
Rupert_13	34.866	31.941	6.138	0.02	6e-04
Rupert_13	30.348	24.534	7.407	0	0
Rupert_13	27	28.206	3.672	0	0
Rupert_13	30.708	31.842	3.636	0	0
Rupert_13	32.238	36.531	4.689	0.02	6e-04
Rupert_13	30.168	39.654	3.123	0.01	3e-04
Rupert_13	32.112	35.892	3.762	0	0
Rupert_13	36.324	40.176	4.284	0	0
Rupert_13	30.24	44.928	4.752	0	0
Rupert_13	24.984	38.718	6.21	0.03	0.0012
Rupert_13	24.354	36.711	2.007	1.87	0.0768
Rupert_13	25.38	29.502	7.209	0.13	0.0051
Rupert_13	26.442	22.617	6.885	0.06	0.0023
Rupert_13	39.6	30.384	7.767	0.02	5e-04
Rupert_13	34.398	38.565	8.181	0	0
Rupert_13	34.47	39.555	0.99	0	0
Rupert_13	30.672	41.634	2.079	0.01	3e-04
Rupert_13	23.436	22.014	19.62	1.03	0.0439
Rupert_13	30.15	21.915	0.099	0.01	3e-04
Rupert_13	23.292	26.136	4.221	0.1	0.0043
Rupert_13	28.08	25.506	0.63	0	0
Rupert_13	36.126	34.857	9.351	0	0
Rupert_13	24.966	32.157	2.7	1.25	0.0501
Rupert_13	29.322	31.617	0.54	0.68	0.0232
Rupert_13	33.156	39.42	7.803	0	0
Rupert_13	34.2	45.99	6.57	0.02	6e-04
Rupert_13	33.732	48.492	2.502	0	0
Rupert_13	31.95	49.77	1.278	0.35	0.011
Rupert_13	33.336	48.717	1.053	0	0
Rupert_13	29.952	51.507	2.79	0.11	0.0037
Rupert_13	32.58	50.454	1.053	0.15	0.0046
Rupert_13	27.072	50.472	0.018	0.09	0.0033
Rupert_13	30.744	48.42	2.052	0.46	0.015
Rupert_13	24.48	45.9	2.52	2.71	0.1107
Rupert_13	30.24	45.954	0.054	2.57	0.085
Rupert_13	36.27	45.432	0.522	0.2	0.0055
Rupert_13	31.5	46.638	1.206	0.17	0.0054
Rupert_13	31.32	47.799	1.161	0	0
Rupert_13	35.766	48.411	0.612	0	0
Rupert_13	15.246	38.727	9.684	0.24	0.0157
Rupert_13	32.868	42.984	4.257	0	0
Rupert_13	29.754	40.239	2.745	0	0
Rupert_13	31.626	46.035	5.796	0.3	0.0095
Rupert_13	33.138	47.529	1.494	0.02	6e-04
Rupert_13	24.48	50.04	2.511	1.65	0.0674
Rupert_13	28.188	49.59	0.45	0.06	0.0021
Rupert_13	31.32	47.979	1.611	0	0
Rupert_13	37.152	46.944	1.035	0	0
Rupert_13	33.012	48.519	1.575	0	0
Rupert_13	34.002	46.656	1.863	0	0
Rupert_13	35.91	46.449	0.207	0	0
Rupert_13	33.804	46.332	0.117	0	0
Rupert_13	20.43	47.061	0.729	0	0
Rupert_13	32.616	47.34	0.279	0.01	3e-04
Rupert_13	32.076	48.186	0.846	0	0
Rupert_13	21.762	46.359	1.827	0.26	0.0119
Rupert_13	28.602	42.669	3.69	0.35	0.0122
Rupert_13	27.594	45.405	2.736	1.5	0.0544
Rupert_13	32.076	44.604	0.801	0.08	0.0025
Rupert_13	32.004	48.213	3.609	0.2	0.0062
Rupert_13	30.384	46.746	1.467	0.01	3e-04
Rupert_13	27.36	38.196	8.55	0.01	4e-04
Rupert_13	32.562	40.761	2.565	0	0
Rupert_13	35.046	44.127	3.366	0	0
Rupert_13	33.57	46.449	2.322	0	0
Rupert_13	30.384	46.89	0.441	0	0
Rupert_13	31.878	45.675	1.215	0	0
Rupert_13	22.482	43.713	1.962	0.08	0.0036
Rupert_13	32.544	44.568	0.855	0	0
Rupert_13	32.4	45.432	0.864	0	0
Rupert_13	32.832	44.352	1.08	0.02	6e-04
Rupert_13	32.652	46.188	1.836	0	0
Rupert_13	31.176	44.91	1.278	0.04	0.0013
Rupert_13	35.37	45.243	0.333	0	0
Rupert_13	35.352	47.475	2.232	0	0
Rupert_13	32.976	47.313	0.162	0	0
Rupert_13	30.312	48.798	1.485	0.03	0.001
Rupert_13	31.194	48.114	0.684	0.02	6e-04
Rupert_13	30.438	47.952	0.162	0	0
Rupert_13	23.184	48.024	0.072	0.28	0.0121
Rupert_13	18.036	42.858	5.166	0.35	0.0194
Rupert_13	29.88	45	2.142	0.38	0.0127
Rupert_13	24.732	45.234	0.234	3.5	0.1415
Rupert_13	27.99	43.083	2.151	1.04	0.0372
Rupert_13	28.566	43.101	0.018	1.43	0.0501
