env_code	DTR	GDD	dGDD	PR	PRDTR
Rupert_07	32.796	17.172	0	1.68	0.0512
Rupert_07	10.818	4.725	12.447	2.9	0.2681
Rupert_07	19.242	7.884	3.159	2.13	0.1107
Rupert_07	28.224	9.216	1.332	0	0
Rupert_07	27.522	10.629	1.413	0.04	0.0015
Rupert_07	22.896	12.6	1.971	0.06	0.0026
Rupert_07	20.124	11.898	0.702	1.88	0.0934
Rupert_07	18.72	6.327	5.571	2.41	0.1287
Rupert_07	30.69	12.492	6.165	0.01	3e-04
Rupert_07	27.18	18.27	5.778	0.02	7e-04
Rupert_07	28.512	18.414	0.144	0.02	7e-04
Rupert_07	29.52	19.692	1.278	0.04	0.0014
Rupert_07	30.708	21.006	1.314	0.22	0.0072
Rupert_07	16.038	13.563	7.443	0.27	0.0168
Rupert_07	20.412	9.675	3.888	1.38	0.0676
Rupert_07	18.252	5.175	4.5	0.39	0.0214
Rupert_07	28.17	9.009	3.834	0.06	0.0021
Rupert_07	16.992	8.415	0.594	0.51	0.03
Rupert_07	28.782	12.438	4.023	0	0
Rupert_07	30.798	17.343	4.905	0.1	0.0032
Rupert_07	19.638	14.643	2.7	0.32	0.0163
Rupert_07	30.87	15.777	1.134	0	0
Rupert_07	31.104	19.89	4.113	2.54	0.0817
Rupert_07	11.412	6.12	13.77	9.61	0.8421
Rupert_07	14.616	6.138	0.018	1.83	0.1252
Rupert_07	21.168	9.504	3.366	0.33	0.0156
Rupert_07	20.502	12.753	3.249	0.15	0.0073
Rupert_07	13.752	12.204	0.549	7.51	0.5461
Rupert_07	15.264	13.356	1.152	5.09	0.3335
Rupert_07	26.874	17.559	4.203	0.01	4e-04
Rupert_07	32.4	21.51	3.951	0.81	0.025
Rupert_07	25.866	18.009	3.501	0.03	0.0012
Rupert_07	33.102	22.401	4.392	0	0
Rupert_07	39.564	30.636	8.235	0.01	3e-04
Rupert_07	29.88	33.012	2.376	0.01	3e-04
Rupert_07	26.802	29.655	3.357	0.1	0.0037
Rupert_07	31.806	33.471	3.816	0	0
Rupert_07	32.796	24.264	9.207	3.22	0.0982
Rupert_07	16.974	9.621	14.643	3.99	0.2351
Rupert_07	16.956	8.622	0.999	0.19	0.0112
Rupert_07	25.038	11.727	3.105	0.13	0.0052
Rupert_07	32.292	16.065	4.338	0	0
Rupert_07	32.814	22.977	6.912	0.01	3e-04
Rupert_07	30.312	29.988	7.011	0.01	3e-04
Rupert_07	29.484	31.842	1.854	0.64	0.0217
Rupert_07	28.404	33.246	1.404	0.02	7e-04
Rupert_07	34.92	36.27	3.024	0	0
Rupert_07	32.274	36.549	0.279	0	0
Rupert_07	26.19	24.633	11.916	0.11	0.0042
Rupert_07	31.734	22.599	2.034	0.01	3e-04
Rupert_07	35.946	28.179	5.58	0	0
Rupert_07	35.964	33.786	5.607	0	0
Rupert_07	31.932	38.754	4.968	0.02	6e-04
Rupert_07	28.872	36.486	2.268	0.01	3e-04
Rupert_07	24.624	34.65	1.836	0	0
Rupert_07	22.842	28.539	6.111	0.5	0.0219
Rupert_07	12.654	11.133	17.406	0.58	0.0458
Rupert_07	18.954	12.195	1.062	1.03	0.0543
Rupert_07	24.966	16.893	4.698	0.36	0.0144
Rupert_07	26.262	23.985	7.092	0.01	4e-04
Rupert_07	26.298	27.279	3.294	0	0
Rupert_07	28.26	31.752	4.473	0.01	4e-04
Rupert_07	31.05	38.241	6.489	0.03	0.001
Rupert_07	20.106	19.233	19.008	0	0
Rupert_07	30.564	20.322	1.089	0	0
Rupert_07	32.562	26.829	6.507	0	0
Rupert_07	31.266	31.527	4.698	0	0
Rupert_07	32.976	35.136	3.609	0	0
Rupert_07	31.194	39.465	4.329	0	0
Rupert_07	31.716	40.986	1.521	0	0
Rupert_07	33.966	42.201	1.215	0.19	0.0056
Rupert_07	30.654	28.161	14.04	5.59	0.1824
Rupert_07	14.094	12.879	15.282	10.44	0.7407
Rupert_07	27.738	19.485	6.606	2.2	0.0793
Rupert_07	21.69	20.997	1.512	0.04	0.0018
Rupert_07	35.28	29.178	8.181	0	0
Rupert_07	21.24	28.404	0.774	1.18	0.0556
Rupert_07	28.314	27.603	0.801	0.6	0.0212
Rupert_07	30.456	31.428	3.825	0	0
Rupert_07	34.92	37.044	5.616	0.01	3e-04
Rupert_07	23.202	34.011	3.033	0	0
Rupert_07	33.21	38.295	4.284	0	0
Rupert_07	32.094	41.985	3.69	0.03	9e-04
Rupert_07	20.16	25.776	16.209	0.02	0.001
Rupert_07	32.652	28.026	2.25	0.01	3e-04
Rupert_07	37.134	39.789	11.763	0	0
Rupert_07	35.55	44.901	5.112	0	0
Rupert_07	33.318	44.811	0.09	0	0
Rupert_07	34.128	46.053	1.242	0	0
Rupert_07	27.09	40.797	5.256	0.01	4e-04
Rupert_07	28.62	36.306	4.491	0.04	0.0014
Rupert_07	23.958	30.177	6.129	0.1	0.0042
Rupert_07	39.564	35.73	5.553	0	0
Rupert_07	38.16	44.37	8.64	0	0
Rupert_07	35.316	46.161	1.791	0	0
Rupert_07	31.5	45.216	0.945	0	0
Rupert_07	28.116	42.696	2.52	0.03	0.0011
Rupert_07	36.108	45.657	2.961	0	0
Rupert_07	32.382	44.235	1.422	0	0
Rupert_07	34.722	44.145	0.09	0.18	0.0052
Rupert_07	35.208	46.512	2.367	0	0
Rupert_07	34.74	48.375	1.863	0	0
Rupert_07	32.544	50.562	2.187	0	0
Rupert_07	28.26	49.923	0.639	0.06	0.0021
Rupert_07	27.846	48.195	1.728	0.02	7e-04
Rupert_07	33.966	46.422	1.773	0	0
Rupert_07	33.318	47.412	0.99	0	0
Rupert_07	33.012	48.195	0.783	0	0
Rupert_07	25.686	48.519	0.324	0.02	8e-04
Rupert_07	34.146	49.194	0.675	0	0
Rupert_07	34.308	49.671	0.477	0.1	0.0029
Rupert_07	24.93	50.769	1.098	0.06	0.0024
Rupert_07	26.766	50.715	0.054	1.63	0.0609
Rupert_07	26.082	49.707	1.008	2.29	0.0878
Rupert_07	35.046	47.844	1.863	0	0
Rupert_07	29.718	45.315	2.529	0.03	0.001
Rupert_07	35.604	47.124	1.809	0.04	0.0011
Rupert_07	33.822	47.007	0.117	0	0
Rupert_07	32.868	48.672	1.665	0	0
Rupert_07	27.234	52.893	4.221	0.23	0.0084
Rupert_07	13.5	43.308	9.585	1.97	0.1459
Rupert_07	22.374	44.973	1.665	1.92	0.0858
Rupert_07	19.962	44.451	0.522	2.01	0.1007
Rupert_07	28.764	48.294	3.843	0.01	3e-04
Rupert_07	32.94	48.24	0.054	0	0
Rupert_07	34.11	48.789	0.549	0	0
Rupert_07	30.924	50.823	2.034	0.12	0.0039
Rupert_07	25.29	51.516	0.693	0.04	0.0016
Rupert_07	30.132	48.96	2.556	0.14	0.0046
Rupert_07	13.212	40.446	8.514	1.67	0.1264
Rupert_07	30.456	45.828	5.382	0.01	3e-04
Rupert_07	30.24	47.754	1.926	0.76	0.0251
Rupert_07	27.45	43.335	4.419	1.29	0.047
Rupert_07	36.162	42.219	1.116	0	0
Rupert_07	30.132	41.148	1.071	0.21	0.007
Rupert_07	29.016	40.302	0.846	0	0
Rupert_07	35.028	45.414	5.112	0	0
Rupert_07	25.326	41.769	3.645	0.02	8e-04
Rupert_07	35.766	45.189	3.42	0	0
Rupert_07	32.67	47.772	2.583	0	0
Rupert_07	31.392	48.51	0.738	0	0
Rupert_07	30.618	49.491	0.981	0	0
Rupert_07	32.526	48.096	1.395	0.52	0.016
Rupert_07	30.69	50.229	2.133	0.64	0.0209
Rupert_07	25.92	48.186	2.043	2.23	0.086
Rupert_07	28.71	45.639	2.547	1.07	0.0373
Rupert_07	28.494	40.869	4.77	1.54	0.054
Rupert_07	30.168	36.468	4.401	0.27	0.0089
Rupert_07	23.076	35.442	1.026	0.01	4e-04
Rupert_07	26.802	34.191	1.251	0.45	0.0168
