env_code	DTR	GDD	dGDD	PR	PRDTR
Soda Springs_11	16.146	8.073	0	0.15	0.0093
Soda Springs_11	17.586	8.433	0.36	2.95	0.1677
Soda Springs_11	18.252	10.368	1.935	2.27	0.1244
Soda Springs_11	17.118	12.645	2.277	2.56	0.1496
Soda Springs_11	25.11	16.155	3.51	0.32	0.0127
Soda Springs_11	17.172	17.514	1.359	0.66	0.0384
Soda Springs_11	19.98	17.064	0.45	7.27	0.3639
Soda Springs_11	10.98	11.322	5.742	10.53	0.959
Soda Springs_11	27.144	14.976	3.654	0.1	0.0037
Soda Springs_11	15.084	6.246	8.73	1.6	0.1061
Soda Springs_11	23.184	8.721	2.475	2.42	0.1044
Soda Springs_11	20.286	9.693	0.972	2.63	0.1296
Soda Springs_11	15.192	7.371	2.322	10.42	0.6859
Soda Springs_11	13.95	6.291	1.08	9.79	0.7018
Soda Springs_11	33.912	15.318	9.027	0.08	0.0024
Soda Springs_11	28.584	22.176	6.858	0.03	0.001
Soda Springs_11	19.494	9.405	12.771	0.07	0.0036
Soda Springs_11	28.476	12.951	3.546	0.05	0.0018
Soda Springs_11	37.368	21.366	8.415	0	0
Soda Springs_11	32.814	26.415	5.049	0	0
Soda Springs_11	30.726	26.829	0.414	3.58	0.1165
Soda Springs_11	15.228	18.486	8.343	5.19	0.3408
Soda Springs_11	25.794	18.099	0.387	5.28	0.2047
Soda Springs_11	17.406	8.919	9.18	8.82	0.5067
Soda Springs_11	34.02	16.785	7.866	0.83	0.0244
Soda Springs_11	25.254	21.231	4.446	2.36	0.0935
Soda Springs_11	19.764	19.368	1.863	7.55	0.382
Soda Springs_11	16.47	20.565	1.197	4.5	0.2732
Soda Springs_11	27.756	20.862	0.297	0.17	0.0061
Soda Springs_11	30.042	24.021	3.159	0.25	0.0083
Soda Springs_11	17.928	11.556	12.465	0.27	0.0151
Soda Springs_11	32.832	15.597	4.041	0	0
Soda Springs_11	26.568	22.428	6.831	4.43	0.1667
Soda Springs_11	17.01	18.675	3.753	7.02	0.4127
Soda Springs_11	26.064	20.52	1.845	0.07	0.0027
Soda Springs_11	29.592	26.1	5.58	0	0
Soda Springs_11	31.77	29.043	2.943	0.33	0.0104
Soda Springs_11	28.008	33.066	4.023	1.96	0.07
Soda Springs_11	22.824	29.232	3.834	0.3	0.0131
Soda Springs_11	24.21	27.171	2.061	0.01	4e-04
Soda Springs_11	20.646	26.775	0.396	0.21	0.0102
Soda Springs_11	34.002	27.513	0.738	0.08	0.0024
Soda Springs_11	30.456	34.164	6.651	0.06	0.002
Soda Springs_11	25.038	34.875	0.711	0.16	0.0064
Soda Springs_11	24.678	29.583	5.292	0.22	0.0089
Soda Springs_11	28.944	27.342	2.241	0	0
Soda Springs_11	35.946	32.679	5.337	0	0
Soda Springs_11	32.958	37.809	5.13	0	0
Soda Springs_11	17.838	36.819	0.99	0.67	0.0376
Soda Springs_11	19.998	33.129	3.69	1.1	0.055
Soda Springs_11	28.116	36.612	3.483	0.31	0.011
Soda Springs_11	27.342	34.065	2.547	0.95	0.0347
Soda Springs_11	21.132	32.058	2.007	1.41	0.0667
Soda Springs_11	29.268	32.004	0.054	1.16	0.0396
Soda Springs_11	28.35	33.183	1.179	4.72	0.1665
Soda Springs_11	26.226	32.805	0.378	0.27	0.0103
Soda Springs_11	16.992	32.328	0.477	2.55	0.1501
Soda Springs_11	23.058	34.353	2.025	0.55	0.0239
Soda Springs_11	22.842	32.913	1.44	0	0
Soda Springs_11	25.272	33.354	0.441	0	0
Soda Springs_11	30.69	32.427	0.927	0.05	0.0016
Soda Springs_11	33.462	34.263	1.836	0.05	0.0015
Soda Springs_11	22.644	38.952	4.689	0.18	0.0079
Soda Springs_11	30.33	36.567	2.385	1.1	0.0363
Soda Springs_11	28.566	29.223	7.344	0	0
Soda Springs_11	24.606	34.713	5.49	0	0
Soda Springs_11	26.55	33.327	1.386	0	0
Soda Springs_11	27.198	33.507	0.18	0.11	0.004
Soda Springs_11	35.316	36.522	3.015	0.02	6e-04
Soda Springs_11	29.232	37.656	1.134	0.08	0.0027
Soda Springs_11	20.61	37.953	0.297	0.25	0.0121
Soda Springs_11	23.688	33.282	4.671	0.07	0.003
Soda Springs_11	29.052	33.48	0.198	0.01	3e-04
Soda Springs_11	26.568	37.8	4.32	0.06	0.0023
Soda Springs_11	30.078	37.773	0.027	0.2	0.0066
Soda Springs_11	16.524	35.478	2.295	2.11	0.1277
Soda Springs_11	16.758	32.607	2.871	22.49	1.342
Soda Springs_11	28.818	32.949	0.342	0.39	0.0135
Soda Springs_11	21.24	33.462	0.513	2.37	0.1116
Soda Springs_11	28.494	34.731	1.269	1.99	0.0698
Soda Springs_11	28.044	32.094	2.637	0.21	0.0075
Soda Springs_11	31.338	33.831	1.737	1.53	0.0488
Soda Springs_11	22.644	31.806	2.025	0.15	0.0066
Soda Springs_11	26.46	35.118	3.312	0.5	0.0189
Soda Springs_11	25.398	33.147	1.971	0.15	0.0059
Soda Springs_11	31.392	31.392	1.755	0.22	0.007
Soda Springs_11	27.108	32.616	1.224	0	0
Soda Springs_11	29.412	30.51	2.106	0.02	7e-04
Soda Springs_11	36.198	34.083	3.573	0.13	0.0036
Soda Springs_11	26.694	35.397	1.314	0.16	0.006
Soda Springs_11	24.138	32.625	2.772	0.99	0.041
Soda Springs_11	28.062	30.753	1.872	0	0
Soda Springs_11	35.622	33.039	2.286	0	0
Soda Springs_11	25.668	37.062	4.023	0.13	0.0051
Soda Springs_11	24.174	37.053	0.009	0.07	0.0029
Soda Springs_11	34.2	35.136	1.917	0.52	0.0152
Soda Springs_11	29.43	37.305	2.169	0.08	0.0027
Soda Springs_11	29.97	36.783	0.522	0.19	0.0063
Soda Springs_11	29.7	37.818	1.035	0.03	0.001
Soda Springs_11	34.686	38.943	1.125	0.08	0.0023
Soda Springs_11	30.114	40.095	1.152	0.18	0.006
Soda Springs_11	30.186	41.139	1.044	0.13	0.0043
Soda Springs_11	25.848	38.844	2.295	3.74	0.1447
Soda Springs_11	24.318	38.709	0.135	2.92	0.1201
Soda Springs_11	25.83	35.379	3.33	0.56	0.0217
Soda Springs_11	33.084	33.39	1.989	0	0
Soda Springs_11	27.144	36.288	2.898	0.19	0.007
Soda Springs_11	21.888	28.458	7.83	0.01	5e-04
Soda Springs_11	29.772	24.336	4.122	0.04	0.0013
Soda Springs_11	33.606	25.551	1.215	0.02	6e-04
Soda Springs_11	35.748	27.468	1.917	0.01	3e-04
Soda Springs_11	31.392	29.412	1.944	0.79	0.0252
Soda Springs_11	26.154	29.475	0.063	1.15	0.044
Soda Springs_11	30.366	27.639	1.836	0.63	0.0207
Soda Springs_11	30.042	29.583	1.944	0.07	0.0023
Soda Springs_11	30.51	30.285	0.702	0	0
Soda Springs_11	29.898	30.645	0.36	0.02	7e-04
Soda Springs_11	21.69	30.249	0.396	0.18	0.0083
Soda Springs_11	13.356	24.66	5.589	1.24	0.0928
Soda Springs_11	23.184	26.838	2.178	0.56	0.0242
Soda Springs_11	26.802	27.081	0.243	1.19	0.0444
Soda Springs_11	28.368	25.056	2.025	0.08	0.0028
Soda Springs_11	13.554	22.005	3.051	6.03	0.4449
Soda Springs_11	20.664	20.304	1.701	3.18	0.1539
Soda Springs_11	28.8	20.484	0.18	0	0
Soda Springs_11	29.628	25.074	4.59	0.04	0.0014
Soda Springs_11	23.436	22.788	2.286	0.12	0.0051
Soda Springs_11	32.454	21.573	1.215	0	0
Soda Springs_11	32.67	24.687	3.114	0.08	0.0024
Soda Springs_11	32.706	27.531	2.844	0	0
Soda Springs_11	32.616	30.276	2.745	0.03	9e-04
Soda Springs_11	32.526	27.585	2.691	0.06	0.0018
Soda Springs_11	23.382	28.125	0.54	0.08	0.0034
Soda Springs_11	29.43	28.611	0.486	0	0
Soda Springs_11	24.426	30.969	2.358	0.14	0.0057
Soda Springs_11	29.844	27.99	2.979	0	0
Soda Springs_11	35.37	29.673	1.683	0	0
Soda Springs_11	28.008	30.222	0.549	0.08	0.0029
Soda Springs_11	20.34	28.296	1.926	0.45	0.0221
Soda Springs_11	24.732	28.332	0.036	1.05	0.0425
Soda Springs_11	17.478	23.841	4.491	3.53	0.202
Soda Springs_11	10.53	12.447	11.394	8.6	0.8167
Soda Springs_11	6.804	2.7	9.747	14.61	2.1473
Soda Springs_11	11.448	4.77	2.07	10	0.8735
Soda Springs_11	21.456	9.666	4.896	1.92	0.0895
Soda Springs_11	22.482	9.333	0.333	0.12	0.0053
Soda Springs_11	22.824	10.8	1.467	2.07	0.0907
Soda Springs_11	20.142	9.738	1.062	9.29	0.4612
Soda Springs_11	24.912	11.088	1.35	0	0
Soda Springs_11	26.64	15.642	4.554	0.2	0.0075
