env_code	DTR	GDD	dGDD	PR	PRDTR
Soda Springs_07	15.3	5.148	0	0.63	0.0412
Soda Springs_07	16.002	5.616	0.468	3.63	0.2268
Soda Springs_07	29.268	10.71	5.094	1.3	0.0444
Soda Springs_07	28.08	16.398	5.688	0.01	4e-04
Soda Springs_07	27.576	22.968	6.57	0.14	0.0051
Soda Springs_07	31.788	24.084	1.116	0.1	0.0031
Soda Springs_07	31.428	27.9	3.816	0.08	0.0025
Soda Springs_07	29.664	30.042	2.142	0.01	3e-04
Soda Springs_07	29.826	30.411	0.369	0.03	0.001
Soda Springs_07	28.638	24.669	5.742	0.01	3e-04
Soda Springs_07	27.09	18.459	6.21	0	0
Soda Springs_07	36.666	20.529	2.07	0.01	3e-04
Soda Springs_07	37.08	24.804	4.275	0.01	3e-04
Soda Springs_07	28.548	30.924	6.12	0.31	0.0109
Soda Springs_07	27.54	31.914	0.99	0.2	0.0073
Soda Springs_07	29.808	30.294	1.62	0.15	0.005
Soda Springs_07	27.792	28.746	1.548	0.55	0.0198
Soda Springs_07	21.798	9.387	19.359	3.87	0.1775
Soda Springs_07	14.76	5.481	3.906	4.5	0.3049
Soda Springs_07	29.142	10.737	5.256	0.23	0.0079
Soda Springs_07	27.342	12.942	2.205	0.07	0.0026
Soda Springs_07	25.776	20.43	7.488	0.06	0.0023
Soda Springs_07	27	23.112	2.682	0.04	0.0015
Soda Springs_07	28.566	30.537	7.425	0.26	0.0091
Soda Springs_07	24.408	14.634	15.903	0.37	0.0152
Soda Springs_07	28.386	12.897	1.737	0.01	4e-04
Soda Springs_07	28.944	19.152	6.255	0	0
Soda Springs_07	25.362	22.833	3.681	0	0
Soda Springs_07	25.938	28.287	5.454	0	0
Soda Springs_07	31.77	30.555	2.268	0.01	3e-04
Soda Springs_07	33.714	30.393	0.162	0.01	3e-04
Soda Springs_07	28.278	34.695	4.302	0.68	0.024
Soda Springs_07	28.656	29.808	4.887	0.14	0.0049
Soda Springs_07	11.7	7.722	22.086	15.19	1.2983
Soda Springs_07	20.538	10.755	3.033	10.39	0.5059
Soda Springs_07	26.55	13.113	2.358	1.57	0.0591
Soda Springs_07	34.614	21.033	7.92	0.03	9e-04
Soda Springs_07	29.556	28.782	7.749	0.32	0.0108
Soda Springs_07	19.692	23.4	5.382	1.12	0.0569
Soda Springs_07	23.436	27.612	4.212	0	0
Soda Springs_07	30.078	29.421	1.809	0.04	0.0013
Soda Springs_07	24.75	29.979	0.558	0.1	0.004
Soda Springs_07	32.688	32.67	2.691	0	0
Soda Springs_07	32.598	36.387	3.717	0.12	0.0037
Soda Springs_07	22.788	20.646	15.741	0.12	0.0053
Soda Springs_07	28.8	22.644	1.998	0.01	3e-04
Soda Springs_07	30.852	33.012	10.368	0.03	0.001
Soda Springs_07	32.832	36.576	3.564	0.04	0.0012
Soda Springs_07	28.188	39.312	2.736	0.03	0.0011
Soda Springs_07	31.734	38.997	0.315	0.01	3e-04
Soda Springs_07	27.558	35.451	3.546	0.04	0.0015
Soda Springs_07	30.06	33.192	2.259	0.1	0.0033
Soda Springs_07	27.234	27.009	6.183	0.04	0.0015
Soda Springs_07	40.122	30.555	3.546	0.02	5e-04
Soda Springs_07	37.314	36.459	5.904	0.18	0.0048
Soda Springs_07	36.702	37.161	0.702	0.04	0.0011
Soda Springs_07	35.82	37.494	0.333	0	0
Soda Springs_07	24.57	40.257	2.763	0.06	0.0024
Soda Springs_07	30.006	41.031	0.774	0.03	0.001
Soda Springs_07	27.036	42.804	1.773	0	0
Soda Springs_07	29.286	38.493	4.311	0.03	0.001
Soda Springs_07	36.108	40.68	2.187	0.09	0.0025
Soda Springs_07	34.326	43.317	2.637	0.04	0.0012
Soda Springs_07	32.508	44.874	1.557	0	0
Soda Springs_07	24.408	44.37	0.504	0.1	0.0041
Soda Springs_07	28.566	39.483	4.887	0.01	4e-04
Soda Springs_07	31.914	39.159	0.324	0.01	3e-04
Soda Springs_07	33.228	38.898	0.261	0.01	3e-04
Soda Springs_07	34.398	40.545	1.647	0.01	3e-04
Soda Springs_07	28.296	40.32	0.225	0.29	0.0102
Soda Springs_07	31.752	42.822	2.502	0.03	9e-04
Soda Springs_07	34.02	43.218	0.396	0.23	0.0068
Soda Springs_07	27.936	41.13	2.088	0.22	0.0079
Soda Springs_07	25.11	43.911	2.781	0.2	0.008
Soda Springs_07	22.644	38.916	4.995	0.71	0.0314
Soda Springs_07	33.102	41.715	2.799	0.02	6e-04
Soda Springs_07	29.646	42.741	1.026	0.13	0.0044
Soda Springs_07	32.724	40.68	2.061	0	0
Soda Springs_07	28.782	43.749	3.069	0	0
Soda Springs_07	32.634	44.109	0.36	0.03	9e-04
Soda Springs_07	35.136	44.136	0.027	2.34	0.0666
Soda Springs_07	19.098	39.591	4.545	10.27	0.5378
Soda Springs_07	16.542	35.379	4.212	4.09	0.2472
Soda Springs_07	19.404	37.854	2.475	3.21	0.1654
Soda Springs_07	26.82	37.53	0.324	0.35	0.013
Soda Springs_07	31.338	39.843	2.313	0.02	6e-04
Soda Springs_07	34.434	40.293	0.45	0.82	0.0238
Soda Springs_07	35.334	42.237	1.944	0.22	0.0062
Soda Springs_07	25.164	43.902	1.665	0.24	0.0095
Soda Springs_07	25.812	42.948	0.954	0.72	0.0279
Soda Springs_07	11.25	34.353	8.595	6.8	0.6044
Soda Springs_07	23.634	37.395	3.042	0.77	0.0326
Soda Springs_07	29.97	38.367	0.972	0.21	0.007
Soda Springs_07	29.538	38.241	0.126	3.33	0.1127
Soda Springs_07	32.256	34.758	3.483	0.54	0.0167
Soda Springs_07	28.8	34.56	0.198	0.12	0.0042
Soda Springs_07	25.308	34.308	0.252	0.01	4e-04
Soda Springs_07	33.048	35.352	1.044	0.07	0.0021
Soda Springs_07	28.674	36.711	1.359	0.01	3e-04
Soda Springs_07	27.288	39.87	3.159	0.02	7e-04
Soda Springs_07	30.78	39.24	0.63	0.01	3e-04
Soda Springs_07	28.458	41.463	2.223	0.06	0.0021
Soda Springs_07	23.382	46.971	5.508	0.14	0.006
Soda Springs_07	27.414	43.119	3.852	0.05	0.0018
Soda Springs_07	32.238	41.139	1.98	2.15	0.0667
Soda Springs_07	21.006	37.485	3.654	5	0.238
Soda Springs_07	22.986	36.801	0.684	4.65	0.2023
Soda Springs_07	27.738	36.675	0.126	0.99	0.0357
Soda Springs_07	28.494	30.177	6.498	0.02	7e-04
Soda Springs_07	24.246	29.655	0.522	0.06	0.0025
Soda Springs_07	21.762	26.793	2.862	3.35	0.1539
Soda Springs_07	24.822	29.727	2.934	0.1	0.004
Soda Springs_07	26.442	29.799	0.072	0.08	0.003
Soda Springs_07	37.026	33.129	3.33	0.01	3e-04
Soda Springs_07	28.314	35.757	2.628	0.16	0.0057
Soda Springs_07	28.206	34.515	1.242	0.16	0.0057
Soda Springs_07	25.992	34.578	0.063	0	0
Soda Springs_07	33.714	35.739	1.161	0	0
Soda Springs_07	30.042	38.187	2.448	0.1	0.0033
Soda Springs_07	21.168	35.442	2.745	0.9	0.0425
Soda Springs_07	21.384	40.032	4.59	0.07	0.0033
Soda Springs_07	27.018	38.835	1.197	0.1	0.0037
Soda Springs_07	32.022	38.385	0.45	0.03	9e-04
Soda Springs_07	24.138	35.523	2.862	14.75	0.6111
Soda Springs_07	22.572	25.218	10.305	8.74	0.3872
Soda Springs_07	23.184	24.192	1.026	0.57	0.0246
Soda Springs_07	29.844	26.856	2.664	0	0
Soda Springs_07	25.29	24.597	2.259	0.25	0.0099
Soda Springs_07	24.678	19.917	4.68	0.09	0.0036
Soda Springs_07	37.962	19.863	0.054	0.02	5e-04
Soda Springs_07	33.75	25.389	5.526	0.01	3e-04
Soda Springs_07	35.208	28.026	2.637	0.03	9e-04
Soda Springs_07	32.706	30.735	2.709	0	0
Soda Springs_07	31.644	29.97	0.765	0.05	0.0016
Soda Springs_07	31.626	28.179	1.791	0	0
Soda Springs_07	32.292	24.912	3.267	0.01	3e-04
Soda Springs_07	21.744	21.69	3.222	0.19	0.0087
Soda Springs_07	20.79	14.967	6.723	0.08	0.0038
Soda Springs_07	30.096	23.508	8.541	0.08	0.0027
Soda Springs_07	28.638	25.263	1.755	0	0
Soda Springs_07	29.646	24.795	0.468	0.07	0.0024
Soda Springs_07	28.026	28.305	3.51	2.84	0.1013
Soda Springs_07	19.098	13.797	14.508	4.51	0.2362
Soda Springs_07	14.796	9.216	4.581	3.04	0.2055
Soda Springs_07	23.616	12.582	3.366	0.12	0.0051
Soda Springs_07	30.906	14.859	2.277	0.07	0.0023
Soda Springs_07	32.616	19.566	4.707	0.01	3e-04
Soda Springs_07	24.39	22.455	2.889	0.19	0.0078
Soda Springs_07	16.668	6.948	15.507	2.37	0.1422
Soda Springs_07	32.202	12.078	5.13	0.01	3e-04
