env_code	DTR	GDD	dGDD	PR	PRDTR
Soda Springs_19	34.236	13.113	0	0	0
Soda Springs_19	24.39	20.061	6.948	0	0
Soda Springs_19	31.608	23.076	3.015	0	0
Soda Springs_19	27.144	25.308	2.232	0.79	0.0291
Soda Springs_19	24.606	25.101	0.207	0.22	0.0089
Soda Springs_19	18.378	25.443	0.342	0.33	0.018
Soda Springs_19	26.1	22.86	2.583	9.58	0.367
Soda Springs_19	12.528	8.478	14.382	5.09	0.4063
Soda Springs_19	20.88	11.25	2.772	1.33	0.0637
Soda Springs_19	13.212	9.306	1.944	8.14	0.6161
Soda Springs_19	15.318	9.729	0.423	6.34	0.4139
Soda Springs_19	19.368	9.072	0.657	6.73	0.3475
Soda Springs_19	11.826	7.443	1.629	2.83	0.2393
Soda Springs_19	12.636	6.912	0.531	7.38	0.584
Soda Springs_19	17.604	9.882	2.97	4.86	0.2761
Soda Springs_19	22.932	13.536	3.654	2.36	0.1029
Soda Springs_19	26.514	19.863	6.327	0.12	0.0045
Soda Springs_19	11.61	10.503	9.36	9.1	0.7838
Soda Springs_19	25.056	16.164	5.661	1.91	0.0762
Soda Springs_19	29.286	18.207	2.043	0.19	0.0065
Soda Springs_19	32.652	21.204	2.997	0.06	0.0018
Soda Springs_19	19.224	20.106	1.098	0.91	0.0473
Soda Springs_19	24.12	21.528	1.422	0.66	0.0274
Soda Springs_19	28.908	25.506	3.978	0.85	0.0294
Soda Springs_19	24.12	24.66	0.846	0.21	0.0087
Soda Springs_19	20.016	28.494	3.834	1.05	0.0525
Soda Springs_19	25.29	29.385	0.891	0	0
Soda Springs_19	21.042	25.371	4.014	4.67	0.2219
Soda Springs_19	29.772	15.984	9.387	6.65	0.2234
Soda Springs_19	17.964	8.064	7.92	0.77	0.0429
Soda Springs_19	27.612	14.976	6.912	0	0
Soda Springs_19	31.86	20.502	5.526	0	0
Soda Springs_19	25.092	26.298	5.796	0	0
Soda Springs_19	28.836	29.79	3.492	0.14	0.0049
Soda Springs_19	19.782	28.467	1.323	1.65	0.0834
Soda Springs_19	21.78	28.908	0.441	1.9	0.0872
Soda Springs_19	26.946	28.755	0.153	0.01	4e-04
Soda Springs_19	30.168	28.476	0.279	0.16	0.0053
Soda Springs_19	21.906	26.649	1.827	2.35	0.1073
Soda Springs_19	22.356	29.808	3.159	0.51	0.0228
Soda Springs_19	27.414	24.075	5.733	0.08	0.0029
Soda Springs_19	23.904	14.598	9.477	0	0
Soda Springs_19	24.3	11.934	2.664	0.01	4e-04
Soda Springs_19	25.128	14.76	2.826	0.08	0.0032
Soda Springs_19	26.154	22.581	7.821	0.03	0.0011
Soda Springs_19	28.476	22.158	0.423	0	0
Soda Springs_19	26.064	29.808	7.65	0.07	0.0027
Soda Springs_19	28.152	31.5	1.692	0.01	4e-04
Soda Springs_19	26.1	31.662	0.162	0	0
Soda Springs_19	28.206	32.913	1.251	0	0
Soda Springs_19	30.816	30.762	2.151	0	0
Soda Springs_19	26.388	33.426	2.664	0.03	0.0011
Soda Springs_19	31.014	33.525	0.099	0.02	6e-04
Soda Springs_19	27.252	35.64	2.115	0.02	7e-04
Soda Springs_19	24.102	30.987	4.653	0.74	0.0307
Soda Springs_19	21.996	28.044	2.943	1.22	0.0555
Soda Springs_19	28.71	28.755	0.711	0.52	0.0181
Soda Springs_19	31.05	31.365	2.61	0.08	0.0026
Soda Springs_19	27.486	34.965	3.6	0.14	0.0051
Soda Springs_19	21.852	28.746	6.219	3.74	0.1712
Soda Springs_19	26.406	28.791	0.045	1.05	0.0398
Soda Springs_19	32.508	36.018	7.227	0.02	6e-04
Soda Springs_19	30.366	39.627	3.609	0	0
Soda Springs_19	30.096	41.094	1.467	0.18	0.006
Soda Springs_19	23.076	37.386	3.708	0.37	0.016
Soda Springs_19	31.122	38.259	0.873	0.49	0.0157
Soda Springs_19	24.714	40.221	1.962	0.54	0.0218
Soda Springs_19	22.446	38.007	2.214	0.09	0.004
Soda Springs_19	23.022	34.173	3.834	0	0
Soda Springs_19	25.902	35.793	1.62	0	0
Soda Springs_19	22.338	36.459	0.666	0	0
Soda Springs_19	28.386	35.487	0.972	0	0
Soda Springs_19	32.706	39.411	3.924	0	0
Soda Springs_19	32.022	42.525	3.114	0.05	0.0016
Soda Springs_19	27.612	42.228	0.297	0.12	0.0043
Soda Springs_19	21.438	40.311	1.917	0.01	5e-04
Soda Springs_19	27.432	37.044	3.267	0	0
Soda Springs_19	24.012	37.656	0.612	0.04	0.0017
Soda Springs_19	20.286	34.425	3.231	0.6	0.0296
Soda Springs_19	28.206	37.413	2.988	0	0
Soda Springs_19	19.242	37.395	0.018	1.55	0.0806
Soda Springs_19	29.322	39.969	2.574	0.02	7e-04
Soda Springs_19	24.354	40.455	0.486	0.12	0.0049
Soda Springs_19	27.234	37.053	3.402	2.01	0.0738
Soda Springs_19	32.112	39.528	2.475	0.01	3e-04
Soda Springs_19	26.37	44.685	5.157	0.01	4e-04
Soda Springs_19	23.778	42.057	2.628	0.72	0.0303
Soda Springs_19	24.822	43.065	1.008	0.19	0.0077
Soda Springs_19	28.404	43.866	0.801	0.22	0.0077
Soda Springs_19	18.54	41.058	2.808	0.13	0.007
Soda Springs_19	20.628	32.724	8.334	4.35	0.2109
Soda Springs_19	27.306	32.085	0.639	0.37	0.0136
Soda Springs_19	29.124	35.586	3.501	0.03	0.001
Soda Springs_19	23.958	30.015	5.571	0.02	8e-04
Soda Springs_19	27.234	28.107	1.908	0	0
Soda Springs_19	32.706	31.977	3.87	0	0
Soda Springs_19	24.426	38.025	6.048	0	0
Soda Springs_19	23.94	37.746	0.279	0	0
Soda Springs_19	23.472	33.102	4.644	0	0
Soda Springs_19	27.414	28.233	4.869	0	0
Soda Springs_19	33.48	33.462	5.229	0	0
Soda Springs_19	31.914	38.115	4.653	0	0
Soda Springs_19	29.322	40.491	2.376	0	0
Soda Springs_19	32.67	39.105	1.386	0	0
Soda Springs_19	24.084	32.184	6.921	0	0
Soda Springs_19	25.506	30.555	1.629	0	0
Soda Springs_19	28.602	35.685	5.13	0	0
Soda Springs_19	25.2	32.436	3.249	0	0
Soda Springs_19	27.522	25.497	6.939	0	0
Soda Springs_19	29.772	31.158	5.661	0	0
Soda Springs_19	34.632	34.038	2.88	0	0
Soda Springs_19	24.948	34.65	0.612	0.03	0.0012
Soda Springs_19	25.596	38.592	3.942	0.49	0.0191
Soda Springs_19	26.316	38.088	0.504	0.11	0.0042
Soda Springs_19	31.554	40.563	2.475	0	0
Soda Springs_19	29.034	40.041	0.522	0	0
Soda Springs_19	22.374	38.763	1.278	0	0
Soda Springs_19	29.79	39.231	0.468	0.01	3e-04
Soda Springs_19	21.996	39.87	0.639	0.31	0.0141
Soda Springs_19	17.496	32.076	7.794	6.3	0.3601
Soda Springs_19	25.47	29.871	2.205	0.51	0.02
Soda Springs_19	16.002	23.805	6.066	12.03	0.7518
Soda Springs_19	17.838	22.095	1.71	1.09	0.0611
Soda Springs_19	20.736	22.95	0.855	6.19	0.2985
Soda Springs_19	12.834	15.489	7.461	6.99	0.5446
Soda Springs_19	24.678	20.169	4.68	0.04	0.0016
Soda Springs_19	28.44	23.976	3.807	0	0
Soda Springs_19	27.414	29.871	5.895	0	0
Soda Springs_19	30.744	32.04	2.169	0	0
Soda Springs_19	19.098	31.167	0.873	0.38	0.0199
Soda Springs_19	17.514	16.047	15.12	1.54	0.0879
Soda Springs_19	32.364	21.168	5.121	0	0
Soda Springs_19	27.54	23.778	2.61	0.03	0.0011
Soda Springs_19	11.232	12.582	11.196	8.52	0.7585
Soda Springs_19	16.002	13.131	0.549	1.48	0.0925
Soda Springs_19	29.628	16.524	3.393	0	0
Soda Springs_19	27.342	22.527	6.003	0	0
Soda Springs_19	26.946	20.943	1.584	0	0
Soda Springs_19	24.876	22.86	1.917	0	0
Soda Springs_19	28.692	21.258	1.602	0.13	0.0045
Soda Springs_19	16.254	20.781	0.477	2.87	0.1766
Soda Springs_19	13.518	13.005	7.776	38.34	2.8362
Soda Springs_19	8.658	3.726	9.279	7.34	0.8478
Soda Springs_19	21.402	7.344	3.618	0.04	0.0019
Soda Springs_19	23.49	9.819	2.475	0.05	0.0021
Soda Springs_19	19.692	7.398	2.421	0.57	0.0289
Soda Springs_19	35.73	14.832	7.434	0	0
Soda Springs_19	22.356	8.532	6.3	4.68	0.2093
Soda Springs_19	21.762	7.767	0.765	0.05	0.0023
Soda Springs_19	24.426	9.567	1.8	0	0
