env_code	DTR	GDD	dGDD	PR	PRDTR
Soda Springs_12	33.084	22.59	0	0	0
Soda Springs_12	21.078	15.597	6.993	0.01	5e-04
Soda Springs_12	28.242	15.057	0.54	0	0
Soda Springs_12	26.748	18.666	3.609	0	0
Soda Springs_12	33.48	20.718	2.052	0.02	6e-04
Soda Springs_12	34.776	26.19	5.472	0	0
Soda Springs_12	34.65	27.153	0.963	0.04	0.0012
Soda Springs_12	28.35	27.801	0.648	0.29	0.0102
Soda Springs_12	27.288	28.368	0.567	0.79	0.029
Soda Springs_12	19.044	16.848	11.52	4.47	0.2347
Soda Springs_12	26.73	17.919	1.071	0.11	0.0041
Soda Springs_12	28.638	24.003	6.084	0.03	0.001
Soda Springs_12	32.814	30.411	6.408	0.02	6e-04
Soda Springs_12	19.188	16.866	13.545	0.31	0.0162
Soda Springs_12	20.106	11.493	5.373	0.6	0.0298
Soda Springs_12	17.19	8.532	2.961	3.41	0.1984
Soda Springs_12	29.178	16.821	8.289	3.01	0.1032
Soda Springs_12	21.528	14.544	2.277	12.2	0.5667
Soda Springs_12	7.146	5.139	9.405	17.97	2.5147
Soda Springs_12	29.502	13.194	8.055	0.31	0.0105
Soda Springs_12	33.66	20.79	7.596	0.22	0.0065
Soda Springs_12	24.588	22.104	1.314	0.04	0.0016
Soda Springs_12	26.208	25.326	3.222	0.17	0.0065
Soda Springs_12	26.694	30.249	4.923	0.05	0.0019
Soda Springs_12	30.042	33.201	2.952	0.15	0.005
Soda Springs_12	24.282	34.695	1.494	0	0
Soda Springs_12	29.34	36.828	2.133	0.13	0.0044
Soda Springs_12	32.976	20.268	16.56	1.08	0.0328
Soda Springs_12	22.194	10.188	10.08	0.03	0.0014
Soda Springs_12	33.984	18.342	8.154	0	0
Soda Springs_12	31.428	24.948	6.606	0.67	0.0213
Soda Springs_12	21.042	12.177	12.771	1.89	0.0898
Soda Springs_12	27.702	12.024	0.153	0.22	0.0079
Soda Springs_12	31.104	19.584	7.56	0	0
Soda Springs_12	28.89	26.865	7.281	0.06	0.0021
Soda Springs_12	26.226	26.595	0.27	0.03	0.0011
Soda Springs_12	33.03	24.075	2.52	0	0
Soda Springs_12	24.12	26.676	2.601	0.04	0.0017
Soda Springs_12	37.242	27.405	0.729	0	0
Soda Springs_12	33.048	32.778	5.373	0.01	3e-04
Soda Springs_12	28.188	28.206	4.572	0.16	0.0057
Soda Springs_12	25.146	17.325	10.881	0.02	8e-04
Soda Springs_12	31.896	20.574	3.249	0	0
Soda Springs_12	42.192	27.288	6.714	0.01	2e-04
Soda Springs_12	30.654	34.389	7.101	0	0
Soda Springs_12	34.974	34.065	0.324	0.12	0.0034
Soda Springs_12	32.436	37.674	3.609	0.07	0.0022
Soda Springs_12	29.322	38.187	0.513	0.36	0.0123
Soda Springs_12	27.18	28.296	9.891	0	0
Soda Springs_12	33.102	29.079	0.783	0.17	0.0051
Soda Springs_12	38.07	32.499	3.42	0.04	0.0011
Soda Springs_12	28.872	39.006	6.507	0	0
Soda Springs_12	35.856	37.224	1.782	0.01	3e-04
Soda Springs_12	34.362	36.117	1.107	0.05	0.0015
Soda Springs_12	33.696	36.612	0.495	0	0
Soda Springs_12	27.774	36.675	0.063	0	0
Soda Springs_12	31.212	37.188	0.513	0	0
Soda Springs_12	9.126	29.925	7.263	5.08	0.5567
Soda Springs_12	31.716	32.832	2.907	0.37	0.0117
Soda Springs_12	27.234	36.045	3.213	0.77	0.0283
Soda Springs_12	29.682	39.069	3.024	0.55	0.0185
Soda Springs_12	33.264	39.24	0.171	0.18	0.0054
Soda Springs_12	35.748	40.59	1.35	0.99	0.0277
Soda Springs_12	28.152	40.194	0.396	0.39	0.0139
Soda Springs_12	35.856	41.058	0.864	0.24	0.0067
Soda Springs_12	18.45	37.467	3.591	2.89	0.1566
Soda Springs_12	14.454	31.869	5.598	8.02	0.5549
Soda Springs_12	25.272	34.434	2.565	0.6	0.0237
Soda Springs_12	21.762	32.931	1.503	1.98	0.091
Soda Springs_12	26.496	34.434	1.503	0.13	0.0049
Soda Springs_12	32.328	35.388	0.954	0	0
Soda Springs_12	32.13	38.457	3.069	0.1	0.0031
Soda Springs_12	24.876	40.32	1.863	0.02	8e-04
Soda Springs_12	26.136	40.392	0.072	0.01	4e-04
Soda Springs_12	23.976	37.098	3.294	1.51	0.063
Soda Springs_12	22.302	35.829	1.269	0.77	0.0345
Soda Springs_12	16.326	35.541	0.288	1.32	0.0809
Soda Springs_12	29.448	36.018	0.477	0.01	3e-04
Soda Springs_12	33.912	39.114	3.096	0.22	0.0065
Soda Springs_12	25.38	40.734	1.62	0.38	0.015
Soda Springs_12	31.122	39.789	0.945	0	0
Soda Springs_12	34.902	39.303	0.486	0.06	0.0017
Soda Springs_12	31.77	41.283	1.98	0.02	6e-04
Soda Springs_12	25.866	40.653	0.63	0.41	0.0159
Soda Springs_12	27.252	40.446	0.207	0.96	0.0352
Soda Springs_12	28.458	37.557	2.889	0	0
Soda Springs_12	28.062	32.445	5.112	0.04	0.0014
Soda Springs_12	35.892	33.138	0.693	0	0
Soda Springs_12	37.674	37.755	4.617	0.01	3e-04
Soda Springs_12	26.19	39.771	2.016	0.23	0.0088
Soda Springs_12	37.008	38.34	1.431	0	0
Soda Springs_12	35.676	41.562	3.222	0	0
Soda Springs_12	25.956	44.136	2.574	0.03	0.0012
Soda Springs_12	28.152	38.682	5.454	2.5	0.0888
Soda Springs_12	26.748	36.882	1.8	0.1	0.0037
Soda Springs_12	34.992	36.468	0.414	0	0
Soda Springs_12	28.08	38.484	2.016	0.21	0.0075
Soda Springs_12	32.274	37.071	1.413	0.05	0.0015
Soda Springs_12	28.602	38.727	1.656	0.04	0.0014
Soda Springs_12	32.382	34.839	3.888	0.03	9e-04
Soda Springs_12	29.862	36.711	1.872	0.03	0.001
Soda Springs_12	34.092	36.396	0.315	0	0
Soda Springs_12	23.094	34.065	2.331	0.06	0.0026
Soda Springs_12	25.146	34.407	0.342	0.08	0.0032
Soda Springs_12	32.472	36.99	2.583	0.03	9e-04
Soda Springs_12	26.28	38.034	1.044	0.11	0.0042
Soda Springs_12	29.25	36.189	1.845	0	0
Soda Springs_12	24.39	33.705	2.484	0	0
Soda Springs_12	37.908	28.692	5.013	0.26	0.0069
Soda Springs_12	31.914	35.397	6.705	0.16	0.005
Soda Springs_12	29.988	37.872	2.475	0	0
Soda Springs_12	32.382	38.601	0.729	0.04	0.0012
Soda Springs_12	25.056	36.954	1.647	0	0
Soda Springs_12	23.814	38.241	1.287	0.04	0.0017
Soda Springs_12	15.894	30.897	7.344	3.23	0.2032
Soda Springs_12	20.034	30.645	0.252	3.84	0.1917
Soda Springs_12	27.414	29.313	1.332	0	0
Soda Springs_12	30.006	30.861	1.548	0.1	0.0033
Soda Springs_12	26.694	32.427	1.566	0	0
Soda Springs_12	31.482	29.169	3.258	0.03	0.001
Soda Springs_12	18.54	27.072	2.097	0.68	0.0367
Soda Springs_12	25.938	27.441	0.369	0	0
Soda Springs_12	36.09	27.711	0.27	0	0
Soda Springs_12	35.262	30.915	3.204	0.01	3e-04
Soda Springs_12	24.354	32.391	1.476	0.5	0.0205
Soda Springs_12	19.152	23.67	8.721	0	0
Soda Springs_12	29.196	21.762	1.908	0.09	0.0031
Soda Springs_12	36.36	24.948	3.186	0.02	6e-04
Soda Springs_12	36.792	28.044	3.096	0.03	8e-04
Soda Springs_12	31.518	30.771	2.727	0.01	3e-04
Soda Springs_12	27.738	29.709	1.062	0.04	0.0014
Soda Springs_12	28.584	23.526	6.183	0	0
Soda Springs_12	30.24	26.622	3.096	0	0
Soda Springs_12	30.258	28.539	1.917	0	0
Soda Springs_12	24.462	29.961	1.422	0	0
Soda Springs_12	31.518	29.889	0.072	0	0
Soda Springs_12	34.848	28.728	1.161	0.01	3e-04
Soda Springs_12	20.556	27.828	0.9	0.5	0.0243
Soda Springs_12	13.464	22.086	5.742	4.29	0.3186
Soda Springs_12	17.532	21.168	0.918	2.18	0.1243
Soda Springs_12	26.1	21.924	0.756	1.2	0.046
Soda Springs_12	25.668	26.136	4.212	0.45	0.0175
Soda Springs_12	29.088	25.614	0.522	0.03	0.001
Soda Springs_12	19.782	26.487	0.873	0.01	5e-04
Soda Springs_12	24.264	28.08	1.593	0	0
Soda Springs_12	30.312	25.416	2.664	0	0
Soda Springs_12	30.042	24.669	0.747	0	0
Soda Springs_12	24.12	11.115	13.554	0	0
Soda Springs_12	29.268	11.268	0.153	0.1	0.0034
Soda Springs_12	23.958	9.198	2.07	0	0
