Para	Day_x	Day_y	midXY	R	P
DTR	1	7	4	-0.1013	0.43
GDD	1	7	4	-0.4677	4.9145
dGDD	1	7	4	0.1898	1.0378
PR	1	7	4	-0.1198	0.5381
PRDTR	1	7	4	-0.0555	0.2042
DTR	1	8	4.5	-0.1178	0.5257
GDD	1	8	4.5	-0.4907	5.4176
dGDD	1	8	4.5	0.1338	0.626
PR	1	8	4.5	-0.1536	0.7601
PRDTR	1	8	4.5	-0.1049	0.4507
DTR	1	9	5	-0.134	0.6269
GDD	1	9	5	-0.504	5.7271
dGDD	2	8	5	0.1338	0.626
PR	1	9	5	-0.1948	1.0792
PRDTR	1	9	5	-0.1455	0.704
DTR	2	9	5.5	-0.1273	0.5845
GDD	1	10	5.5	-0.4975	5.5743
dGDD	2	9	5.5	0.0546	0.2004
PR	1	10	5.5	-0.2217	1.3175
PRDTR	2	9	5.5	-0.167	0.8579
DTR	3	9	6	-0.1419	0.6794
GDD	1	11	6	-0.4922	5.4512
dGDD	3	9	6	0.0489	0.1761
PR	2	10	6	-0.2336	1.4317
PRDTR	2	10	6	-0.1771	0.9355
DTR	3	10	6.5	-0.1243	0.5657
GDD	1	12	6.5	-0.4874	5.343
dGDD	1	12	6.5	-0.0503	0.1819
PR	1	12	6.5	-0.2346	1.4409
PRDTR	2	11	6.5	-0.1797	0.9556
DTR	1	13	7	-0.1326	0.618
GDD	1	13	7	-0.4889	5.3764
dGDD	1	13	7	-0.056	0.2066
PR	2	12	7	-0.2441	1.5362
PRDTR	2	12	7	-0.1824	0.9772
DTR	1	14	7.5	-0.1298	0.6002
GDD	1	14	7.5	-0.4898	5.3985
dGDD	3	12	7.5	-0.0647	0.2451
PR	2	13	7.5	-0.2474	1.5696
PRDTR	2	13	7.5	-0.1954	1.0838
DTR	1	15	8	-0.1546	0.7675
GDD	1	15	8	-0.5006	5.6456
dGDD	4	12	8	-0.0839	0.3379
PR	3	13	8	-0.2473	1.5688
PRDTR	3	13	8	-0.1898	1.0375
DTR	1	16	8.5	-0.161	0.8135
GDD	1	16	8.5	-0.5077	5.8154
dGDD	5	12	8.5	-0.1308	0.6065
PR	3	14	8.5	-0.2269	1.3672
PRDTR	3	14	8.5	-0.1682	0.867
DTR	1	17	9	-0.1661	0.8508
GDD	1	17	9	-0.5134	5.9516
dGDD	5	13	9	-0.1228	0.5563
PR	1	17	9	-0.2209	1.3104
PRDTR	2	16	9	-0.1678	0.8641
DTR	3	16	9.5	-0.1669	0.8574
GDD	1	18	9.5	-0.5108	5.8892
dGDD	5	14	9.5	-0.1191	0.5337
PR	1	18	9.5	-0.2459	1.5542
PRDTR	1	18	9.5	-0.1826	0.9792
DTR	3	17	10	-0.1702	0.8818
GDD	1	19	10	-0.5111	5.8962
dGDD	7	13	10	-0.1368	0.6455
PR	1	19	10	-0.2609	1.7122
PRDTR	1	19	10	-0.2181	1.2839
DTR	6	15	10.5	-0.1653	0.8451
GDD	1	20	10.5	-0.5174	6.051
dGDD	7	14	10.5	-0.1335	0.6238
PR	2	19	10.5	-0.2645	1.7508
PRDTR	2	19	10.5	-0.2268	1.3658
DTR	1	21	11	-0.196	1.0892
GDD	1	21	11	-0.5337	6.4639
dGDD	8	14	11	-0.2413	1.5076
PR	3	19	11	-0.2605	1.7072
PRDTR	3	19	11	-0.2206	1.3078
DTR	1	22	11.5	-0.2108	1.2181
GDD	1	22	11.5	-0.5519	6.9515
dGDD	8	15	11.5	-0.1964	1.0922
PR	4	19	11.5	-0.2396	1.4912
PRDTR	2	21	11.5	-0.2019	1.1393
DTR	1	23	12	-0.2161	1.266
GDD	1	23	12	-0.5702	7.4731
dGDD	9	15	12	-0.1851	0.9989
PR	3	21	12	-0.2301	1.3973
PRDTR	3	21	12	-0.1961	1.0899
DTR	3	22	12.5	-0.2151	1.2567
GDD	1	24	12.5	-0.5766	7.6631
dGDD	7	18	12.5	-0.175	0.9191
PR	6	19	12.5	-0.2171	1.2755
PRDTR	3	22	12.5	-0.1847	0.9959
DTR	3	23	13	-0.2198	1.2998
GDD	1	25	13	-0.5732	7.5596
dGDD	8	18	13	-0.2689	1.7992
PR	8	18	13	-0.2271	1.3691
PRDTR	7	19	13	-0.1919	1.0549
DTR	3	24	13.5	-0.2111	1.2207
GDD	2	25	13.5	-0.5681	7.4108
dGDD	9	18	13.5	-0.2706	1.8188
PR	8	19	13.5	-0.2422	1.5165
PRDTR	8	19	13.5	-0.2154	1.2595
DTR	6	22	14	-0.2098	1.2087
GDD	1	27	14	-0.5665	7.3648
dGDD	9	19	14	-0.2361	1.4562
PR	9	19	14	-0.2347	1.4424
PRDTR	9	19	14	-0.2014	1.1356
DTR	7	22	14.5	-0.2162	1.2666
GDD	2	27	14.5	-0.5621	7.237
dGDD	8	21	14.5	-0.2059	1.1747
PR	1	28	14.5	-0.2211	1.3125
PRDTR	8	21	14.5	-0.1866	1.0112
DTR	7	23	15	-0.2203	1.3046
GDD	3	27	15	-0.5598	7.1715
dGDD	8	22	15	-0.2033	1.152
PR	1	29	15	-0.2246	1.3446
PRDTR	2	28	15	-0.1911	1.0481
DTR	1	30	15.5	-0.2143	1.2494
GDD	3	28	15.5	-0.5546	7.0278
dGDD	9	22	15.5	-0.1949	1.0796
PR	2	29	15.5	-0.2268	1.3662
PRDTR	2	29	15.5	-0.1907	1.045
DTR	1	31	16	-0.2199	1.3009
GDD	1	31	16	-0.5495	6.8849
dGDD	8	24	16	-0.1692	0.8742
PR	3	29	16	-0.2235	1.3342
PRDTR	2	30	16	-0.1871	1.0152
DTR	1	32	16.5	-0.2342	1.4377
GDD	1	32	16.5	-0.5485	6.8593
dGDD	8	25	16.5	-0.1634	0.831
PR	3	30	16.5	-0.2175	1.2785
PRDTR	3	30	16.5	-0.182	0.9739
DTR	1	33	17	-0.2564	1.6639
GDD	1	33	17	-0.5558	7.059
dGDD	8	26	17	-0.1521	0.7496
PR	3	31	17	-0.2077	1.1908
PRDTR	3	31	17	-0.1717	0.8932
DTR	1	34	17.5	-0.2618	1.7218
GDD	1	34	17.5	-0.5626	7.2531
dGDD	9	26	17.5	-0.1412	0.6746
PR	3	32	17.5	-0.2014	1.1352
PRDTR	8	27	17.5	-0.1679	0.8649
DTR	3	33	18	-0.2611	1.7144
GDD	1	35	18	-0.5646	7.3093
dGDD	8	28	18	-0.1317	0.6123
PR	8	28	18	-0.1991	1.1155
PRDTR	8	28	18	-0.1813	0.9682
DTR	3	34	18.5	-0.2668	1.7764
GDD	1	36	18.5	-0.569	7.4369
dGDD	9	28	18.5	-0.1197	0.5374
PR	8	29	18.5	-0.2013	1.1345
PRDTR	8	29	18.5	-0.1797	0.9559
DTR	1	37	19	-0.2547	1.6457
GDD	1	37	19	-0.575	7.6139
dGDD	8	30	19	-0.1181	0.5274
PR	8	30	19	-0.1945	1.0762
PRDTR	8	30	19	-0.1752	0.9209
DTR	1	38	19.5	-0.2568	1.6676
GDD	1	38	19.5	-0.5807	7.7856
dGDD	9	30	19.5	-0.1063	0.4584
PR	9	30	19.5	-0.1846	0.995
PRDTR	8	31	19.5	-0.1641	0.8366
DTR	6	34	20	-0.2587	1.6878
GDD	1	39	20	-0.5814	7.8082
dGDD	8	32	20	-0.1164	0.5173
PR	2	38	20	-0.1801	0.9592
PRDTR	8	32	20	-0.1586	0.7962
DTR	7	34	20.5	-0.2622	1.7264
GDD	1	40	20.5	-0.5809	7.7911
dGDD	9	32	20.5	-0.1058	0.4557
PR	3	38	20.5	-0.1769	0.9339
PRDTR	3	38	20.5	-0.1467	0.712
DTR	1	41	21	-0.2744	1.861
GDD	1	41	21	-0.5807	7.7847
dGDD	8	34	21	-0.1027	0.4383
PR	4	38	21	-0.1638	0.8341
PRDTR	8	34	21	-0.1388	0.6588
DTR	1	42	21.5	-0.2972	2.1295
GDD	2	41	21.5	-0.5778	7.6996
dGDD	8	35	21.5	-0.1032	0.4407
PR	8	35	21.5	-0.1622	0.8224
PRDTR	8	35	21.5	-0.1422	0.6812
DTR	1	43	22	-0.3186	2.4011
GDD	3	41	22	-0.5768	7.6697
dGDD	9	35	22	-0.0933	0.387
PR	16	28	22	-0.1525	0.7525
PRDTR	16	28	22	-0.1469	0.7135
DTR	1	44	22.5	-0.332	2.5809
GDD	1	44	22.5	-0.5785	7.7186
dGDD	10	35	22.5	-0.0636	0.2401
PR	16	29	22.5	-0.1557	0.7752
PRDTR	16	29	22.5	-0.1438	0.6923
DTR	1	45	23	-0.3423	2.7249
GDD	1	45	23	-0.5786	7.7226
dGDD	19	27	23	0.0678	0.2593
PR	8	38	23	-0.1525	0.7526
PRDTR	18	28	23	-0.1402	0.6677
DTR	1	46	23.5	-0.3484	2.8121
GDD	1	46	23.5	-0.5779	7.7019
dGDD	20	27	23.5	0.0667	0.2542
PR	9	38	23.5	-0.1409	0.6723
PRDTR	18	29	23.5	-0.1367	0.6446
DTR	1	47	24	-0.3559	2.923
GDD	1	47	24	-0.5775	7.6895
dGDD	1	47	24	0.0756	0.2967
PR	18	30	24	-0.1305	0.6043
PRDTR	18	30	24	-0.1309	0.6074
DTR	1	48	24.5	-0.3724	3.1748
GDD	1	48	24.5	-0.5813	7.8049
dGDD	1	48	24.5	0.0829	0.3325
PR	18	31	24.5	-0.1173	0.5226
PRDTR	18	31	24.5	-0.1152	0.5099
DTR	1	49	25	-0.3873	3.4127
GDD	1	49	25	-0.586	7.9489
dGDD	1	49	25	0.0844	0.3402
PR	12	38	25	-0.1108	0.4843
PRDTR	18	32	25	-0.1079	0.4674
DTR	1	50	25.5	-0.4007	3.6368
GDD	1	50	25.5	-0.5892	8.0484
dGDD	1	50	25.5	0.0897	0.3677
PR	16	35	25.5	-0.1137	0.5015
PRDTR	16	35	25.5	-0.1024	0.4364
DTR	2	50	26	-0.3984	3.5981
GDD	1	51	26	-0.5884	8.0239
dGDD	1	51	26	0.09	0.3693
PR	23	29	26	-0.1047	0.4495
PRDTR	17	35	26	-0.0893	0.3659
DTR	1	52	26.5	-0.4102	3.8034
GDD	1	52	26.5	-0.5886	8.0293
dGDD	1	52	26.5	0.1054	0.4533
PR	23	30	26.5	-0.0974	0.4087
PRDTR	18	35	26.5	-0.0897	0.3678
DTR	1	53	27	-0.4234	4.0409
GDD	1	53	27	-0.5887	8.0335
dGDD	1	53	27	0.1325	0.6171
PR	24	30	27	-0.1037	0.4438
PRDTR	16	38	27	-0.098	0.412
DTR	1	54	27.5	-0.439	4.3337
GDD	1	54	27.5	-0.5909	8.1022
dGDD	1	54	27.5	0.1364	0.6429
PR	17	38	27.5	-0.0895	0.3667
PRDTR	16	39	27.5	-0.0849	0.343
DTR	1	55	28	-0.4501	4.5534
GDD	1	55	28	-0.5963	8.2735
dGDD	1	55	28	0.1667	0.8554
PR	25	31	28	-0.0835	0.3359
PRDTR	1	55	28	0.087	0.3536
DTR	1	56	28.5	-0.4553	4.6575
GDD	1	56	28.5	-0.6024	8.471
dGDD	1	56	28.5	0.1866	1.0109
PR	25	32	28.5	-0.0688	0.2644
PRDTR	1	56	28.5	0.0963	0.4027
DTR	2	56	29	-0.4546	4.6426
GDD	1	57	29	-0.607	8.6206
dGDD	1	57	29	0.1997	1.1206
PR	1	57	29	0.0709	0.2743
PRDTR	1	57	29	0.1079	0.4674
DTR	3	56	29.5	-0.4578	4.7089
GDD	1	58	29.5	-0.6084	8.667
dGDD	1	58	29.5	0.2062	1.1773
PR	1	58	29.5	0.085	0.3435
PRDTR	1	58	29.5	0.1232	0.5587
DTR	1	59	30	-0.4584	4.7201
GDD	1	59	30	-0.6102	8.727
dGDD	1	59	30	0.2109	1.2192
PR	1	59	30	0.0962	0.4022
PRDTR	1	59	30	0.1352	0.6347
DTR	1	60	30.5	-0.4583	4.7193
GDD	1	60	30.5	-0.6125	8.8078
dGDD	1	60	30.5	0.2263	1.3613
PR	1	60	30.5	0.1021	0.435
PRDTR	1	60	30.5	0.1426	0.684
DTR	7	55	31	-0.4642	4.8399
GDD	1	61	31	-0.6145	8.8734
dGDD	1	61	31	0.2376	1.4709
PR	1	61	31	0.1115	0.4882
PRDTR	1	61	31	0.1518	0.7473
DTR	7	56	31.5	-0.4686	4.9324
GDD	1	62	31.5	-0.62	9.0626
dGDD	1	62	31.5	0.2582	1.6829
PR	1	62	31.5	0.1257	0.5741
PRDTR	1	62	31.5	0.1616	0.8179
DTR	1	63	32	-0.4676	4.9113
GDD	1	63	32	-0.6258	9.2663
dGDD	1	63	32	0.2697	1.8088
PR	1	63	32	0.1375	0.6499
PRDTR	1	63	32	0.1735	0.9073
DTR	3	62	32.5	-0.4684	4.9295
GDD	1	64	32.5	-0.6289	9.3768
dGDD	1	64	32.5	0.2801	1.9264
PR	1	64	32.5	0.1456	0.7043
PRDTR	1	64	32.5	0.1802	0.9598
DTR	7	59	33	-0.471	4.9838
GDD	1	65	33	-0.631	9.4524
dGDD	1	65	33	0.2934	2.083
PR	1	65	33	0.1539	0.7624
PRDTR	1	65	33	0.1897	1.0365
DTR	7	60	33.5	-0.4714	4.9919
GDD	1	66	33.5	-0.6326	9.5111
dGDD	1	66	33.5	0.3	2.1634
PR	2	65	33.5	0.1524	0.7517
PRDTR	1	66	33.5	0.1878	1.0206
DTR	7	61	34	-0.4733	5.0337
GDD	1	67	34	-0.6352	9.6083
dGDD	1	67	34	0.3167	2.3757
PR	4	64	34	0.1564	0.7799
PRDTR	4	64	34	0.1912	1.0489
DTR	7	62	34.5	-0.478	5.1349
GDD	1	68	34.5	-0.6371	9.6756
dGDD	1	68	34.5	0.3235	2.4661
PR	4	65	34.5	0.1648	0.8413
PRDTR	4	65	34.5	0.2008	1.1306
DTR	7	63	35	-0.4801	5.1803
GDD	1	69	35	-0.6366	9.6572
dGDD	1	69	35	0.3329	2.5934
PR	5	65	35	0.1713	0.8906
PRDTR	5	65	35	0.2055	1.1707
DTR	7	64	35.5	-0.4795	5.1685
GDD	1	70	35.5	-0.6375	9.6905
dGDD	1	70	35.5	0.3415	2.7129
PR	6	65	35.5	0.1795	0.9545
PRDTR	6	65	35.5	0.2129	1.2369
DTR	7	65	36	-0.4798	5.1744
GDD	1	71	36	-0.6402	9.7917
dGDD	1	71	36	0.3531	2.8804
PR	14	58	36	0.1881	1.0235
PRDTR	7	65	36	0.218	1.2833
DTR	13	60	36.5	-0.4759	5.0889
GDD	1	72	36.5	-0.641	9.8223
dGDD	1	72	36.5	0.3571	2.9398
PR	14	59	36.5	0.1994	1.1181
PRDTR	20	53	36.5	0.2255	1.3536
DTR	13	61	37	-0.4775	5.1234
GDD	1	73	37	-0.6413	9.8337
dGDD	1	73	37	0.37	3.1361
PR	20	54	37	0.2121	1.2297
PRDTR	20	54	37	0.2388	1.4827
DTR	20	55	37.5	-0.4865	5.3233
GDD	1	74	37.5	-0.6418	9.8503
dGDD	1	74	37.5	0.3926	3.5009
PR	20	55	37.5	0.2269	1.3664
PRDTR	20	55	37.5	0.2609	1.712
DTR	20	56	38	-0.4915	5.4367
GDD	1	75	38	-0.6404	9.8005
dGDD	1	75	38	0.4021	3.6616
PR	20	56	38	0.2329	1.4247
PRDTR	20	56	38	0.2674	1.7831
DTR	20	57	38.5	-0.4864	5.3208
GDD	3	74	38.5	-0.6405	9.8017
dGDD	1	76	38.5	0.4078	3.7605
PR	20	57	38.5	0.2448	1.5427
PRDTR	20	57	38.5	0.278	1.9021
DTR	15	63	39	-0.4865	5.3233
GDD	4	74	39	-0.6397	9.7736
dGDD	1	77	39	0.4113	3.8228
PR	20	58	39	0.2594	1.6961
PRDTR	20	58	39	0.2928	2.0754
DTR	20	59	39.5	-0.4905	5.4143
GDD	5	74	39.5	-0.6393	9.758
dGDD	1	78	39.5	0.4246	4.0628
PR	20	59	39.5	0.2694	1.8051
PRDTR	20	59	39.5	0.3033	2.2053
DTR	26	54	40	-0.4928	5.4657
GDD	5	75	40	-0.638	9.7104
dGDD	1	79	40	0.4334	4.2271
PR	20	60	40	0.2753	1.8715
PRDTR	20	60	40	0.3115	2.3082
DTR	26	55	40.5	-0.5076	5.8123
GDD	5	76	40.5	-0.6375	9.6905
dGDD	1	80	40.5	0.4458	4.4674
PR	20	61	40.5	0.2845	1.9775
PRDTR	20	61	40.5	0.3212	2.4348
DTR	26	56	41	-0.5115	5.9052
GDD	5	77	41	-0.6357	9.6248
dGDD	2	80	41	0.4458	4.4674
PR	20	62	41	0.298	2.1396
PRDTR	20	62	41	0.3301	2.5548
DTR	27	56	41.5	-0.5135	5.9534
GDD	7	76	41.5	-0.6342	9.5712
dGDD	3	80	41.5	0.4469	4.4897
PR	20	63	41.5	0.3124	2.3206
PRDTR	20	63	41.5	0.3439	2.7476
DTR	29	55	42	-0.5139	5.9654
GDD	7	77	42	-0.6324	9.5032
dGDD	4	80	42	0.449	4.5299
PR	20	64	42	0.3224	2.4512
PRDTR	20	64	42	0.351	2.8507
DTR	29	56	42.5	-0.5171	6.0422
GDD	5	80	42.5	-0.6315	9.4712
dGDD	4	81	42.5	0.449	4.5303
PR	20	65	42.5	0.3308	2.5645
PRDTR	20	65	42.5	0.3609	2.998
DTR	30	56	43	-0.5148	5.9873
GDD	6	80	43	-0.6294	9.3949
dGDD	6	80	43	0.4504	4.559
PR	22	64	43	0.3338	2.6055
PRDTR	21	65	43	0.366	3.0755
DTR	26	61	43.5	-0.5126	5.9317
GDD	7	80	43.5	-0.6279	9.3433
dGDD	6	81	43.5	0.4505	4.5599
PR	22	65	43.5	0.3431	2.7363
PRDTR	22	65	43.5	0.371	3.1517
DTR	26	62	44	-0.5165	6.0291
GDD	8	80	44	-0.625	9.2386
dGDD	1	87	44	0.4506	4.5616
PR	23	65	44	0.3446	2.7571
PRDTR	29	59	44	0.3743	3.2032
DTR	27	62	44.5	-0.5182	6.0702
GDD	15	74	44.5	-0.6237	9.1921
dGDD	6	83	44.5	0.4512	4.5745
PR	24	65	44.5	0.3492	2.8237
PRDTR	29	60	44.5	0.3821	3.3283
DTR	28	62	45	-0.5201	6.117
GDD	15	75	45	-0.6221	9.1353
dGDD	3	87	45	0.4523	4.5959
PR	25	65	45	0.3516	2.8584
PRDTR	29	61	45	0.39	3.4575
DTR	29	62	45.5	-0.5235	6.2022
GDD	20	71	45.5	-0.6228	9.1626
dGDD	11	80	45.5	0.4585	4.7222
PR	39	52	45.5	0.3624	3.0199
PRDTR	29	62	45.5	0.3973	3.5805
DTR	29	63	46	-0.5247	6.234
GDD	21	71	46	-0.6237	9.1925
dGDD	12	80	46	0.459	4.7332
PR	39	53	46	0.3848	3.3722
PRDTR	29	63	46	0.411	3.816
DTR	29	64	46.5	-0.5258	6.2619
GDD	21	72	46.5	-0.6241	9.2079
dGDD	13	80	46.5	0.4681	4.9218
PR	39	54	46.5	0.393	3.507
PRDTR	29	64	46.5	0.4204	3.9848
DTR	39	55	47	-0.5302	6.3735
GDD	30	64	47	-0.6289	9.3771
dGDD	14	80	47	0.4687	4.9362
PR	39	55	47	0.4021	3.6615
PRDTR	29	65	47	0.4311	4.1843
DTR	40	55	47.5	-0.5436	6.7263
GDD	31	64	47.5	-0.6336	9.5494
dGDD	15	80	47.5	0.4755	5.0811
PR	30	65	47.5	0.4018	3.6566
PRDTR	29	66	47.5	0.4298	4.1599
DTR	41	55	48	-0.5496	6.8892
GDD	31	65	48	-0.6377	9.6981
dGDD	15	81	48	0.4753	5.0774
PR	39	57	48	0.4096	3.7924
PRDTR	31	65	48	0.4307	4.1754
DTR	41	56	48.5	-0.5503	6.9087
GDD	32	65	48.5	-0.6405	9.8031
dGDD	15	82	48.5	0.4719	5.003
PR	39	58	48.5	0.4207	3.9912
PRDTR	32	65	48.5	0.4323	4.2055
DTR	41	57	49	-0.5393	6.6115
GDD	31	67	49	-0.6441	9.9398
dGDD	19	79	49	0.4781	5.1367
PR	39	59	49	0.4243	4.0575
PRDTR	33	65	49	0.4309	4.1802
DTR	41	58	49.5	-0.528	6.3171
GDD	32	67	49.5	-0.6473	10.0625
dGDD	19	80	49.5	0.4897	5.3963
PR	39	60	49.5	0.4277	4.1206
PRDTR	39	60	49.5	0.436	4.2775
DTR	40	60	50	-0.5294	6.3515
GDD	32	68	50	-0.6505	10.1837
dGDD	20	80	50	0.4938	5.4892
PR	36	64	50	0.438	4.3151
PRDTR	36	64	50	0.4407	4.3679
DTR	41	60	50.5	-0.5315	6.4066
GDD	33	68	50.5	-0.652	10.2421
dGDD	21	80	50.5	0.4946	5.5066
PR	39	62	50.5	0.4447	4.4446
PRDTR	36	65	50.5	0.4494	4.5376
DTR	40	62	51	-0.5339	6.4682
GDD	31	71	51	-0.6511	10.2062
dGDD	22	80	51	0.501	5.6566
PR	39	63	51	0.4595	4.7432
PRDTR	39	63	51	0.4603	4.7601
DTR	41	62	51.5	-0.5352	6.5019
GDD	32	71	51.5	-0.6545	10.3409
dGDD	23	80	51.5	0.5032	5.7074
PR	39	64	51.5	0.4711	4.9874
PRDTR	39	64	51.5	0.4688	4.9376
DTR	41	63	52	-0.5346	6.4876
GDD	33	71	52	-0.6563	10.4119
dGDD	24	80	52	0.5057	5.7667
PR	39	65	52	0.4767	5.1064
PRDTR	39	65	52	0.4763	5.0972
DTR	41	64	52.5	-0.5336	6.4606
GDD	33	72	52.5	-0.6573	10.453
dGDD	25	80	52.5	0.5089	5.8423
PR	39	66	52.5	0.4726	5.0192
PRDTR	39	66	52.5	0.4726	5.019
DTR	41	65	53	-0.5307	6.3863
GDD	33	73	53	-0.6576	10.4656
dGDD	26	80	53	0.5198	6.11
PR	41	65	53	0.4635	4.8264
PRDTR	39	67	53	0.4608	4.7696
DTR	42	65	53.5	-0.5208	6.1353
GDD	33	74	53.5	-0.6577	10.4669
dGDD	27	80	53.5	0.5229	6.1862
PR	41	66	53.5	0.4593	4.7393
PRDTR	41	66	53.5	0.4546	4.6426
DTR	41	67	54	-0.5112	5.8992
GDD	34	74	54	-0.6554	10.3748
dGDD	27	81	54	0.5218	6.1608
PR	42	66	54	0.4531	4.6127
PRDTR	42	66	54	0.448	4.5101
DTR	41	68	54.5	-0.5063	5.7804
GDD	36	73	54.5	-0.6543	10.3339
dGDD	29	80	54.5	0.5276	6.3062
PR	43	66	54.5	0.4428	4.4083
PRDTR	39	70	54.5	0.4424	4.3998
DTR	42	68	55	-0.4944	5.5022
GDD	36	74	55	-0.6545	10.3397
dGDD	29	81	55	0.5269	6.2884
PR	39	71	55	0.4384	4.3236
PRDTR	39	71	55	0.4423	4.398
DTR	41	70	55.5	-0.486	5.313
GDD	37	74	55.5	-0.6521	10.2466
dGDD	31	80	55.5	0.5285	6.3289
PR	39	72	55.5	0.44	4.3542
PRDTR	39	72	55.5	0.4435	4.4219
DTR	40	72	56	-0.4829	5.2427
GDD	44	68	56	-0.6527	10.2694
dGDD	32	80	56	0.5314	6.4034
PR	39	73	56	0.434	4.2382
PRDTR	39	73	56	0.4393	4.3398
DTR	41	72	56.5	-0.4792	5.1613
GDD	45	68	56.5	-0.6502	10.1718
dGDD	33	80	56.5	0.54	6.6293
PR	39	74	56.5	0.4294	4.151
PRDTR	39	74	56.5	0.436	4.2771
DTR	42	72	57	-0.4647	4.8515
GDD	43	71	57	-0.6507	10.1939
dGDD	34	80	57	0.5391	6.6045
PR	39	75	57	0.4264	4.0957
PRDTR	39	75	57	0.4343	4.2448
DTR	43	72	57.5	-0.4477	4.5039
GDD	44	71	57.5	-0.6524	10.259
dGDD	35	80	57.5	0.5473	6.8261
PR	39	76	57.5	0.4179	3.9399
PRDTR	39	76	57.5	0.4269	4.1044
DTR	44	72	58	-0.4302	4.1668
GDD	44	72	58	-0.6519	10.2404
dGDD	36	80	58	0.5576	7.1118
PR	41	75	58	0.4088	3.7774
PRDTR	41	75	58	0.4151	3.889
DTR	45	72	58.5	-0.4183	3.9482
GDD	44	73	58.5	-0.6513	10.2153
dGDD	36	81	58.5	0.5551	7.0405
PR	52	65	58.5	0.4061	3.7316
PRDTR	41	76	58.5	0.4075	3.7555
DTR	46	72	59	-0.4072	3.7508
GDD	44	74	59	-0.65	10.1662
dGDD	36	82	59	0.5474	6.8279
PR	52	66	59	0.3956	3.5516
PRDTR	42	76	59	0.3995	3.6165
DTR	47	72	59.5	-0.3955	3.5493
GDD	48	71	59.5	-0.6498	10.1574
dGDD	36	83	59.5	0.547	6.8176
PR	43	76	59.5	0.381	3.3109
PRDTR	43	76	59.5	0.3884	3.4305
DTR	48	72	60	-0.3882	3.427
GDD	48	72	60	-0.6486	10.1124
dGDD	40	80	60	0.5477	6.8367
PR	48	72	60	0.3691	3.122
PRDTR	48	72	60	0.3697	3.132
DTR	49	72	60.5	-0.3648	3.057
GDD	48	73	60.5	-0.6475	10.0701
dGDD	41	80	60.5	0.552	6.9531
PR	49	72	60.5	0.3615	3.0061
PRDTR	48	73	60.5	0.3636	3.0386
DTR	50	72	61	-0.345	2.7635
GDD	48	74	61	-0.6459	10.0078
dGDD	43	79	61	0.5517	6.946
PR	50	72	61	0.3573	2.9426
PRDTR	47	75	61	0.3613	3.0036
DTR	52	71	61.5	-0.3296	2.5479
GDD	52	71	61.5	-0.6463	10.0238
dGDD	43	80	61.5	0.5632	7.2687
PR	48	75	61.5	0.3529	2.8785
PRDTR	48	75	61.5	0.3586	2.9628
DTR	52	72	62	-0.3253	2.4896
GDD	53	71	62	-0.645	9.9747
dGDD	44	80	62	0.5701	7.4693
PR	52	72	62	0.3454	2.7695
PRDTR	49	75	62	0.3512	2.853
DTR	53	72	62.5	-0.2985	2.1449
GDD	54	71	62.5	-0.6449	9.9703
dGDD	45	80	62.5	0.5754	7.6251
PR	50	75	62.5	0.3411	2.7074
PRDTR	49	76	62.5	0.3404	2.6977
DTR	41	85	63	-0.2758	1.8773
GDD	54	72	63	-0.6416	9.8459
dGDD	52	74	63	0.5866	7.9661
PR	52	74	63	0.3318	2.5785
PRDTR	50	76	63	0.3281	2.5284
DTR	41	86	63.5	-0.2575	1.6754
GDD	54	73	63.5	-0.6381	9.7124
dGDD	52	75	63.5	0.5939	8.1957
PR	52	75	63.5	0.329	2.5405
PRDTR	52	75	63.5	0.3264	2.505
DTR	41	87	64	-0.2443	1.5382
GDD	54	74	64	-0.6334	9.5415
dGDD	53	75	64	0.5887	8.0335
PR	52	76	64	0.3156	2.361
PRDTR	52	76	64	0.3142	2.3428
DTR	41	88	64.5	-0.2293	1.3895
GDD	54	75	64.5	-0.6237	9.1926
dGDD	52	77	64.5	0.5933	8.1773
PR	53	76	64.5	0.2884	2.0234
PRDTR	39	90	64.5	0.2978	2.1369
DTR	41	89	65	-0.2151	1.2565
GDD	54	76	65	-0.6174	8.9736
dGDD	52	78	65	0.6006	8.4104
PR	55	75	65	0.2694	1.8047
PRDTR	41	89	65	0.2854	1.9884
DTR	41	90	65.5	-0.2031	1.1497
GDD	54	77	65.5	-0.6084	8.6678
dGDD	52	79	65.5	0.6092	8.694
PR	55	76	65.5	0.2537	1.635
PRDTR	41	90	65.5	0.2785	1.9083
DTR	41	91	66	-0.185	0.998
GDD	54	78	66	-0.5985	8.3438
dGDD	52	80	66	0.6183	9.0055
PR	56	76	66	0.2341	1.4363
PRDTR	42	90	66	0.268	1.7899
DTR	41	92	66.5	-0.1659	0.8498
GDD	53	80	66.5	-0.5912	8.11
dGDD	52	81	66.5	0.6121	8.7916
PR	52	81	66.5	0.2141	1.2481
PRDTR	43	90	66.5	0.256	1.659
DTR	41	93	67	-0.1574	0.7873
GDD	54	80	67	-0.5856	7.9364
dGDD	53	81	67	0.6048	8.5501
PR	59	75	67	0.2019	1.1401
PRDTR	42	92	67	0.2376	1.4711
DTR	41	94	67.5	-0.1496	0.732
GDD	54	81	67.5	-0.5738	7.5794
dGDD	55	80	67.5	0.6007	8.4143
PR	60	75	67.5	0.1916	1.0524
PRDTR	43	92	67.5	0.2249	1.3475
DTR	41	95	68	-0.1424	0.6824
GDD	55	81	68	-0.5597	7.1693
dGDD	55	81	68	0.5947	8.2208
PR	61	75	68	0.1838	0.9885
PRDTR	47	89	68	0.2181	1.2844
DTR	41	96	68.5	-0.1357	0.6382
GDD	56	81	68.5	-0.5403	6.6364
dGDD	55	82	68.5	0.58	7.7645
PR	39	98	68.5	0.1785	0.9465
PRDTR	39	98	68.5	0.2161	1.2656
DTR	40	98	69	-0.1252	0.571
GDD	54	84	69	-0.5189	6.0872
dGDD	58	80	69	0.5759	7.6428
PR	39	99	69	0.177	0.9343
PRDTR	39	99	69	0.2138	1.2452
DTR	65	74	69.5	0.1596	0.8035
GDD	54	85	69.5	-0.5046	5.741
dGDD	59	80	69.5	0.5819	7.8223
PR	39	100	69.5	0.1711	0.8886
PRDTR	39	100	69.5	0.2071	1.1852
DTR	66	74	70	0.2038	1.1561
GDD	55	85	70	-0.4881	5.3598
dGDD	60	80	70	0.5855	7.9324
PR	39	101	70	0.1709	0.8873
PRDTR	39	101	70	0.2074	1.1875
DTR	64	77	70.5	0.2232	1.3322
GDD	55	86	70.5	-0.4693	4.948
dGDD	61	80	70.5	0.586	7.9475
PR	39	102	70.5	0.1655	0.8464
PRDTR	39	102	70.5	0.2012	1.134
DTR	65	77	71	0.2663	1.7709
GDD	56	86	71	-0.4473	4.4977
dGDD	62	80	71	0.5822	7.8321
PR	39	103	71	0.1569	0.784
PRDTR	39	103	71	0.1927	1.0616
DTR	66	77	71.5	0.3044	2.2179
GDD	62	81	71.5	-0.4299	4.1616
dGDD	62	81	71.5	0.5737	7.5753
PR	66	77	71.5	-0.1748	0.9176
PRDTR	39	104	71.5	0.189	1.0305
DTR	66	78	72	0.3283	2.5303
GDD	59	85	72	-0.4039	3.6928
dGDD	64	80	72	0.5724	7.5365
PR	66	78	72	-0.2109	1.2191
PRDTR	66	78	72	-0.2137	1.2445
DTR	68	77	72.5	0.3443	2.7532
GDD	60	85	72.5	-0.3841	3.3606
dGDD	65	80	72.5	0.5698	7.4617
PR	66	79	72.5	-0.2372	1.467
PRDTR	66	79	72.5	-0.238	1.4749
DTR	69	77	73	0.3747	3.2099
GDD	60	86	73	-0.3635	3.0367
dGDD	66	80	73	0.5689	7.4358
PR	66	80	73	-0.242	1.5153
PRDTR	67	79	73	-0.2447	1.5422
DTR	69	78	73.5	0.3983	3.5961
GDD	62	85	73.5	-0.3421	2.7227
dGDD	67	80	73.5	0.5814	7.807
PR	65	82	73.5	-0.2629	1.7333
PRDTR	66	81	73.5	-0.2501	1.5978
DTR	69	79	74	0.4082	3.7672
GDD	62	86	74	-0.3207	2.429
dGDD	67	81	74	0.573	7.5562
PR	66	82	74	-0.3024	2.1932
PRDTR	66	82	74	-0.2887	2.0267
DTR	71	78	74.5	0.4107	3.8118
GDD	62	87	74.5	-0.2953	2.1065
dGDD	69	80	74.5	0.5796	7.7541
PR	66	83	74.5	-0.3065	2.2444
PRDTR	66	83	74.5	-0.2966	2.1214
DTR	71	79	75	0.4224	4.0224
GDD	1	149	75	0.286	1.9952
dGDD	70	80	75	0.5749	7.6116
PR	66	84	75	-0.334	2.6089
PRDTR	66	84	75	-0.3295	2.5469
DTR	72	79	75.5	0.4373	4.3021
GDD	1	150	75.5	0.2967	2.1235
dGDD	70	81	75.5	0.5649	7.3191
PR	67	84	75.5	-0.3354	2.6284
PRDTR	67	84	75.5	-0.3342	2.6118
DTR	73	79	76	0.4395	4.3438
GDD	2	150	76	0.3003	2.1679
dGDD	71	81	76	0.5485	6.8574
PR	67	85	76	-0.3289	2.539
PRDTR	67	85	76	-0.3234	2.4647
DTR	73	80	76.5	0.4396	4.3458
GDD	3	150	76.5	0.3042	2.2157
dGDD	73	80	76.5	0.5475	6.8323
PR	71	82	76.5	-0.3625	3.0216
PRDTR	71	82	76.5	-0.3422	2.7241
DTR	74	80	77	0.4156	3.8984
GDD	4	150	77	0.3088	2.2737
dGDD	73	81	77	0.5457	6.7834
PR	72	82	77	-0.3679	3.1039
PRDTR	72	82	77	-0.3518	2.8626
DTR	73	82	77.5	0.3915	3.482
GDD	5	150	77.5	0.3132	2.3304
dGDD	74	81	77.5	0.5168	6.0367
PR	71	84	77.5	-0.3958	3.5541
PRDTR	71	84	77.5	-0.3905	3.4657
DTR	73	83	78	0.3833	3.3474
GDD	6	150	78	0.3177	2.3892
dGDD	69	87	78	0.5053	5.7572
PR	72	84	78	-0.4013	3.6471
PRDTR	72	84	78	-0.4	3.625
DTR	66	91	78.5	0.3922	3.4944
GDD	7	150	78.5	0.3225	2.452
dGDD	70	87	78.5	0.5013	5.6623
PR	75	82	78.5	-0.4179	3.9394
PRDTR	73	84	78.5	-0.4131	3.8546
DTR	66	92	79	0.4089	3.7794
GDD	8	150	79	0.3276	2.5205
dGDD	71	87	79	0.4834	5.254
PR	74	84	79	-0.4272	4.1109
PRDTR	74	84	79	-0.4307	4.1761
DTR	69	90	79.5	0.4136	3.8625
GDD	9	150	79.5	0.3332	2.5976
dGDD	52	107	79.5	0.4744	5.0574
PR	75	84	79.5	-0.446	4.4714
PRDTR	75	84	79.5	-0.4446	4.4445
DTR	68	92	80	0.4273	4.113
GDD	10	150	80	0.338	2.664
dGDD	73	87	80	0.4693	4.9482
PR	76	84	80	-0.445	4.4507
PRDTR	76	84	80	-0.4444	4.4388
DTR	69	92	80.5	0.442	4.3921
GDD	11	150	80.5	0.3409	2.7049
dGDD	52	109	80.5	0.4545	4.6404
PR	77	84	80.5	-0.4402	4.3583
PRDTR	77	84	80.5	-0.4455	4.4616
DTR	70	92	81	0.4343	4.2444
GDD	12	150	81	0.3435	2.7424
dGDD	52	110	81	0.4491	4.533
PR	71	91	81	-0.4144	3.877
PRDTR	77	85	81	-0.4092	3.7858
DTR	71	92	81.5	0.4446	4.4444
GDD	13	150	81.5	0.3444	2.7546
dGDD	22	141	81.5	0.4461	4.4722
PR	71	92	81.5	-0.4319	4.1992
PRDTR	71	92	81.5	-0.4244	4.0595
DTR	72	92	82	0.4527	4.604
GDD	14	150	82	0.3466	2.786
dGDD	23	141	82	0.4484	4.5177
PR	72	92	82	-0.4448	4.4482
PRDTR	72	92	82	-0.4416	4.3844
DTR	73	92	82.5	0.4555	4.6605
GDD	15	150	82.5	0.3489	2.8198
dGDD	24	141	82.5	0.447	4.4913
PR	73	92	82.5	-0.4533	4.6172
PRDTR	73	92	82.5	-0.4485	4.5205
DTR	73	93	83	0.4427	4.4062
GDD	16	150	83	0.3531	2.8816
dGDD	25	141	83	0.4438	4.4272
PR	74	92	83	-0.4563	4.6782
PRDTR	74	92	83	-0.4545	4.6401
DTR	73	94	83.5	0.4336	4.2316
GDD	17	150	83.5	0.3574	2.9444
dGDD	26	141	83.5	0.4491	4.5326
PR	75	92	83.5	-0.4646	4.8489
PRDTR	75	92	83.5	-0.4607	4.7677
DTR	73	95	84	0.4278	4.1212
GDD	18	150	84	0.3615	3.007
dGDD	27	141	84	0.4489	4.528
PR	76	92	84	-0.4635	4.8256
PRDTR	76	92	84	-0.4599	4.7511
DTR	73	96	84.5	0.4266	4.0994
GDD	19	150	84.5	0.3638	3.0408
dGDD	28	141	84.5	0.4431	4.415
PR	77	92	84.5	-0.4568	4.6886
PRDTR	77	92	84.5	-0.4558	4.6674
DTR	73	97	85	0.4274	4.1137
GDD	20	150	85	0.3654	3.0664
dGDD	29	141	85	0.4454	4.4596
PR	77	93	85	-0.4484	4.5192
PRDTR	77	93	85	-0.4397	4.3479
DTR	73	98	85.5	0.4121	3.8355
GDD	21	150	85.5	0.3689	3.119
dGDD	24	147	85.5	0.44	4.3541
PR	77	94	85.5	-0.4447	4.4456
PRDTR	77	94	85.5	-0.4228	4.0301
DTR	73	99	86	0.4132	3.8558
GDD	22	150	86	0.3748	3.2121
dGDD	31	141	86	0.4458	4.4672
PR	76	96	86	-0.4434	4.4206
PRDTR	77	95	86	-0.4208	3.9935
DTR	73	100	86.5	0.3996	3.6184
GDD	23	150	86.5	0.3819	3.3256
dGDD	26	147	86.5	0.4419	4.3908
PR	77	96	86.5	-0.4429	4.4111
PRDTR	77	96	86.5	-0.4211	3.9988
DTR	73	101	87	0.3993	3.6137
GDD	24	150	87	0.39	3.4578
dGDD	33	141	87	0.4436	4.4246
PR	77	97	87	-0.426	4.0877
PRDTR	77	97	87	-0.4093	3.7864
DTR	72	103	87.5	0.3923	3.495
GDD	25	150	87.5	0.3971	3.577
dGDD	34	141	87.5	0.4399	4.3515
PR	77	98	87.5	-0.4065	3.7373
PRDTR	77	98	87.5	-0.3932	3.5108
DTR	73	103	88	0.3936	3.5176
GDD	26	150	88	0.4008	3.6385
dGDD	35	141	88	0.4459	4.469
PR	77	99	88	-0.4017	3.655
PRDTR	77	99	88	-0.3905	3.465
DTR	73	104	88.5	0.3944	3.5302
GDD	27	150	88.5	0.4042	3.6972
dGDD	36	141	88.5	0.4488	4.5275
PR	77	100	88.5	-0.3998	3.6224
PRDTR	77	100	88.5	-0.39	3.4572
DTR	86	92	89	0.3872	3.4119
GDD	28	150	89	0.4092	3.7844
dGDD	36	142	89	0.4425	4.4024
PR	82	96	89	-0.3886	3.4347
PRDTR	77	101	89	-0.3796	3.2879
DTR	73	106	89.5	0.3774	3.2524
GDD	29	150	89.5	0.4131	3.8537
dGDD	36	143	89.5	0.4416	4.3848
PR	77	102	89.5	-0.3751	3.217
PRDTR	82	97	89.5	-0.3621	3.0151
DTR	72	108	90	0.3796	3.2874
GDD	30	150	90	0.4161	3.907
dGDD	36	144	90	0.4379	4.3128
PR	76	104	90	-0.3697	3.1313
PRDTR	87	93	90	-0.3558	2.9214
DTR	73	108	90.5	0.381	3.3111
GDD	77	104	90.5	0.4233	4.0384
dGDD	36	145	90.5	0.4356	4.2693
PR	77	104	90.5	-0.3663	3.0801
PRDTR	81	100	90.5	-0.3449	2.7619
DTR	73	109	91	0.3762	3.2335
GDD	77	105	91	0.4305	4.1734
dGDD	35	147	91	0.438	4.3144
PR	75	107	91	-0.361	2.999
PRDTR	75	107	91	-0.338	2.6647
DTR	69	114	91.5	0.3645	3.0513
GDD	77	106	91.5	0.4376	4.3072
dGDD	36	147	91.5	0.441	4.3728
PR	76	107	91.5	-0.3612	3.0017
PRDTR	75	108	91.5	-0.3382	2.6667
DTR	71	113	92	0.3641	3.0457
GDD	77	107	92	0.445	4.4517
dGDD	43	141	92	0.4455	4.4606
PR	76	108	92	-0.3605	2.9907
PRDTR	76	108	92	-0.3383	2.6678
DTR	72	113	92.5	0.3674	3.0971
GDD	76	109	92.5	0.4544	4.6389
dGDD	44	141	92.5	0.4444	4.4401
PR	76	109	92.5	-0.3579	2.9516
PRDTR	76	109	92.5	-0.3382	2.6664
DTR	73	113	93	0.3682	3.1088
GDD	72	114	93	0.4645	4.8476
dGDD	45	141	93	0.4439	4.4303
PR	75	111	93	-0.3584	2.9596
PRDTR	76	110	93	-0.3361	2.6383
DTR	69	118	93.5	0.3679	3.1041
GDD	72	115	93.5	0.4738	5.0449
dGDD	46	141	93.5	0.4393	4.3405
PR	76	111	93.5	-0.3584	2.9597
PRDTR	77	110	93.5	-0.3336	2.603
DTR	71	117	94	0.3646	3.0531
GDD	91	97	94	0.4839	5.2651
dGDD	45	143	94	0.4352	4.2614
PR	77	111	94	-0.3539	2.8931
PRDTR	77	111	94	-0.3304	2.5595
DTR	72	117	94.5	0.3682	3.1086
GDD	74	115	94.5	0.4892	5.3848
dGDD	46	143	94.5	0.4315	4.1904
PR	64	125	94.5	-0.3423	2.7255
PRDTR	77	112	94.5	-0.3192	2.4087
DTR	73	117	95	0.3688	3.118
GDD	91	99	95	0.4969	5.5591
dGDD	43	147	95	0.4347	4.2526
PR	65	125	95	-0.3572	2.9413
PRDTR	65	125	95	-0.3233	2.463
DTR	66	125	95.5	0.3704	3.1424
GDD	76	115	95.5	0.5038	5.7212
dGDD	44	147	95.5	0.4337	4.2332
PR	66	125	95.5	-0.3731	3.1846
PRDTR	66	125	95.5	-0.3414	2.7119
DTR	66	126	96	0.3726	3.1768
GDD	77	115	96	0.5112	5.8996
dGDD	45	147	96	0.4336	4.2304
PR	67	125	96	-0.3736	3.1922
PRDTR	67	125	96	-0.342	2.7202
DTR	68	125	96.5	0.3793	3.2836
GDD	77	116	96.5	0.5159	6.0134
dGDD	45	148	96.5	0.4318	4.1968
PR	66	127	96.5	-0.3713	3.1561
PRDTR	67	126	96.5	-0.3425	2.7271
DTR	69	125	97	0.3865	3.4003
GDD	78	116	97	0.5201	6.1166
dGDD	46	148	97	0.4284	4.1335
PR	67	127	97	-0.3717	3.1631
PRDTR	67	127	97	-0.3424	2.7256
DTR	66	129	97.5	0.3978	3.5875
GDD	79	116	97.5	0.522	6.1655
dGDD	45	150	97.5	0.4264	4.0961
PR	66	129	97.5	-0.3737	3.1946
PRDTR	66	129	97.5	-0.3498	2.8333
DTR	66	130	98	0.4045	3.7033
GDD	81	115	98	0.5273	6.2997
dGDD	46	150	98	0.4241	4.0542
PR	66	130	98	-0.3748	3.2123
PRDTR	66	130	98	-0.3508	2.8478
DTR	66	131	98.5	0.4083	3.7694
GDD	81	116	98.5	0.5314	6.4048
dGDD	47	150	98.5	0.4115	3.8266
PR	64	133	98.5	-0.3782	3.2664
PRDTR	64	133	98.5	-0.3523	2.8691
DTR	66	132	99	0.4184	3.9487
GDD	82	116	99	0.5353	6.5059
dGDD	48	150	99	0.4032	3.6811
PR	65	133	99	-0.3903	3.4629
PRDTR	65	133	99	-0.3641	3.0465
DTR	69	130	99.5	0.4205	3.9865
GDD	84	115	99.5	0.5395	6.6154
dGDD	52	147	99.5	0.4006	3.6354
PR	66	133	99.5	-0.403	3.6765
PRDTR	66	133	99.5	-0.3775	3.255
DTR	68	132	100	0.4269	4.1048
GDD	85	115	100	0.5449	6.7593
dGDD	50	150	100	0.3994	3.6151
PR	67	133	100	-0.4035	3.6853
PRDTR	67	133	100	-0.3779	3.2614
DTR	69	132	100.5	0.4338	4.2342
GDD	86	115	100.5	0.5511	6.9295
dGDD	51	150	100.5	0.3958	3.5537
PR	67	134	100.5	-0.4009	3.6408
PRDTR	66	135	100.5	-0.3723	3.1727
DTR	69	133	101	0.433	4.2196
GDD	87	115	101	0.5561	7.0678
dGDD	52	150	101	0.3953	3.5456
PR	67	135	101	-0.4011	3.6442
PRDTR	67	135	101	-0.3724	3.174
DTR	71	132	101.5	0.4319	4.1996
GDD	88	115	101.5	0.5603	7.187
dGDD	53	150	101.5	0.3858	3.388
PR	68	135	101.5	-0.3946	3.5335
PRDTR	68	135	101.5	-0.366	3.0748
DTR	72	132	102	0.4363	4.2832
GDD	89	115	102	0.5644	7.3041
dGDD	54	150	102	0.3633	3.0333
PR	71	133	102	-0.4019	3.6576
PRDTR	71	133	102	-0.3751	3.217
DTR	73	132	102.5	0.4373	4.3019
GDD	90	115	102.5	0.57	7.4677
dGDD	55	150	102.5	0.3567	2.9339
PR	72	133	102.5	-0.4058	3.7258
PRDTR	60	145	102.5	-0.3856	3.3848
DTR	73	133	103	0.4361	4.2777
GDD	91	115	103	0.5742	7.5895
dGDD	56	150	103	0.3332	2.598
PR	73	133	103	-0.4084	3.7717
PRDTR	61	145	103	-0.3934	3.5134
DTR	58	149	103.5	0.4327	4.2147
GDD	91	116	103.5	0.5764	7.657
dGDD	57	150	103.5	0.3188	2.4029
PR	62	145	103.5	-0.4076	3.7567
PRDTR	62	145	103.5	-0.4034	3.6843
DTR	62	146	104	0.438	4.3153
GDD	92	116	104	0.5773	7.6845
dGDD	58	150	104	0.3089	2.2749
PR	63	145	104	-0.4223	4.0212
PRDTR	63	145	104	-0.4132	3.8554
DTR	63	146	104.5	0.4464	4.4796
GDD	93	116	104.5	0.578	7.7042
dGDD	59	150	104.5	0.2958	2.112
PR	64	145	104.5	-0.4303	4.1687
PRDTR	64	145	104.5	-0.421	3.996
DTR	64	146	105	0.4556	4.6642
GDD	95	115	105	0.5796	7.7522
dGDD	94	116	105	-0.2974	2.1322
PR	65	145	105	-0.4397	4.3479
PRDTR	65	145	105	-0.4294	4.1511
DTR	66	145	105.5	0.4631	4.8168
GDD	95	116	105.5	0.5816	7.8146
dGDD	96	115	105.5	-0.3053	2.23
PR	66	145	105.5	-0.4494	4.5385
PRDTR	66	145	105.5	-0.4386	4.3259
DTR	66	146	106	0.4722	5.0094
GDD	96	116	106	0.5817	7.8169
dGDD	97	115	106	-0.3187	2.4022
PR	66	146	106	-0.4503	4.5557
PRDTR	66	146	106	-0.4422	4.3957
DTR	66	147	106.5	0.4765	5.1023
GDD	77	136	106.5	0.5817	7.8159
dGDD	98	115	106.5	-0.3253	2.49
PR	66	147	106.5	-0.4511	4.5723
PRDTR	66	147	106.5	-0.4436	4.4236
DTR	66	148	107	0.484	5.2683
GDD	78	136	107	0.5837	7.8766
dGDD	99	115	107	-0.3309	2.5654
PR	66	148	107	-0.456	4.6712
PRDTR	66	148	107	-0.4489	4.5285
DTR	66	149	107.5	0.4913	5.4303
GDD	81	134	107.5	0.585	7.9187
dGDD	100	115	107.5	-0.354	2.8944
PR	66	149	107.5	-0.4611	4.777
PRDTR	66	149	107.5	-0.4564	4.6791
DTR	66	150	108	0.4919	5.4447
GDD	81	135	108	0.5877	8.0016
dGDD	101	115	108	-0.365	3.0603
PR	67	149	108	-0.4618	4.7912
PRDTR	67	149	108	-0.457	4.6914
DTR	68	149	108.5	0.4958	5.5341
GDD	82	135	108.5	0.5899	8.0703
dGDD	103	114	108.5	-0.3733	3.1886
PR	68	149	108.5	-0.4568	4.6878
PRDTR	68	149	108.5	-0.4521	4.5925
DTR	69	149	109	0.5007	5.6489
GDD	82	136	109	0.592	8.1345
dGDD	103	115	109	-0.4028	3.6739
PR	73	145	109	-0.4554	4.6597
PRDTR	69	149	109	-0.4482	4.5141
DTR	69	150	109.5	0.5014	5.6647
GDD	85	134	109.5	0.5937	8.1911
dGDD	103	116	109.5	-0.3979	3.5898
PR	73	146	109.5	-0.4558	4.6683
PRDTR	71	148	109.5	-0.4456	4.4628
DTR	71	149	110	0.5003	5.6385
GDD	86	134	110	0.5969	8.2902
dGDD	103	117	110	-0.3786	3.2725
PR	71	149	110	-0.4594	4.7412
PRDTR	71	149	110	-0.4528	4.6068
DTR	72	149	110.5	0.5042	5.7312
GDD	106	115	110.5	0.6008	8.4163
dGDD	106	115	110.5	-0.3986	3.6011
PR	72	149	110.5	-0.4632	4.8192
PRDTR	72	149	110.5	-0.4565	4.6819
DTR	72	150	111	0.5047	5.7437
GDD	107	115	111	0.6048	8.5481
dGDD	107	115	111	-0.4093	3.7866
PR	73	149	111	-0.4653	4.8636
PRDTR	73	149	111	-0.4579	4.7104
DTR	73	150	111.5	0.5051	5.7519
GDD	108	115	111.5	0.6063	8.5976
dGDD	108	115	111.5	-0.4293	4.1493
PR	74	149	111.5	-0.4631	4.8173
PRDTR	74	149	111.5	-0.4563	4.6775
DTR	74	150	112	0.4978	5.5797
GDD	90	134	112	0.6056	8.5748
dGDD	108	116	112	-0.4148	3.8852
PR	75	149	112	-0.4644	4.8446
PRDTR	75	149	112	-0.4574	4.701
DTR	75	150	112.5	0.4926	5.4622
GDD	90	135	112.5	0.6077	8.6442
dGDD	108	117	112.5	-0.3894	3.4469
PR	76	149	112.5	-0.4647	4.8515
PRDTR	76	149	112.5	-0.4578	4.709
DTR	76	150	113	0.4903	5.4096
GDD	91	135	113	0.6096	8.7089
dGDD	108	118	113	-0.3592	2.9713
PR	77	149	113	-0.4627	4.8092
PRDTR	77	149	113	-0.4564	4.6799
DTR	77	150	113.5	0.4891	5.381
GDD	91	136	113.5	0.6112	8.7614
dGDD	109	118	113.5	-0.3241	2.4742
PR	77	150	113.5	-0.4548	4.6472
PRDTR	77	150	113.5	-0.4496	4.543
DTR	78	150	114	0.4791	5.1599
GDD	92	136	114	0.6116	8.7754
dGDD	103	125	114	-0.3331	2.596
PR	79	149	114	-0.4486	4.5225
PRDTR	79	149	114	-0.4443	4.4382
DTR	79	150	114.5	0.4767	5.1059
GDD	93	136	114.5	0.6124	8.8013
dGDD	104	125	114.5	-0.3167	2.3755
PR	80	149	114.5	-0.445	4.4505
PRDTR	80	149	114.5	-0.4412	4.3761
DTR	80	150	115	0.4752	5.0736
GDD	94	136	115	0.6135	8.8391
dGDD	105	125	115	-0.3056	2.2339
PR	81	149	115	-0.4455	4.4608
PRDTR	81	149	115	-0.4423	4.3976
DTR	82	149	115.5	0.4787	5.1501
GDD	95	136	115.5	0.6149	8.8886
dGDD	106	125	115.5	-0.3157	2.3628
PR	82	149	115.5	-0.4386	4.3268
PRDTR	82	149	115.5	-0.4364	4.2847
DTR	83	149	116	0.4794	5.1648
GDD	96	136	116	0.6152	8.899
dGDD	107	125	116	-0.3147	2.3494
PR	82	150	116	-0.4304	4.1704
PRDTR	82	150	116	-0.4294	4.1522
DTR	84	149	116.5	0.4804	5.1886
GDD	97	136	116.5	0.6146	8.8781
dGDD	108	125	116.5	-0.321	2.4322
PR	84	149	116.5	-0.4243	4.0573
PRDTR	84	149	116.5	-0.4237	4.0464
DTR	84	150	117	0.4803	5.185
GDD	97	137	117	0.6139	8.8533
dGDD	103	131	117	-0.3102	2.2919
PR	85	149	117	-0.4185	3.9504
PRDTR	85	149	117	-0.4176	3.9349
DTR	85	150	117.5	0.4769	5.1114
GDD	99	136	117.5	0.614	8.8586
dGDD	103	132	117.5	-0.314	2.341
PR	86	149	117.5	-0.4237	4.0457
PRDTR	86	149	117.5	-0.4243	4.0579
DTR	86	150	118	0.4761	5.0945
GDD	100	136	118	0.6149	8.8876
dGDD	103	133	118	-0.3054	2.2314
PR	87	149	118	-0.4268	4.1034
PRDTR	87	149	118	-0.4277	4.1199
DTR	88	149	118.5	0.4741	5.0496
GDD	101	136	118.5	0.6165	8.9412
dGDD	103	134	118.5	-0.2993	2.1553
PR	88	149	118.5	-0.4293	4.1497
PRDTR	88	149	118.5	-0.4304	4.1699
DTR	88	150	119	0.4741	5.0504
GDD	102	136	119	0.6174	8.9732
dGDD	106	132	119	-0.2964	2.1195
PR	89	149	119	-0.4269	4.1045
PRDTR	89	149	119	-0.4303	4.1688
DTR	89	150	119.5	0.4716	4.9966
GDD	103	136	119.5	0.618	8.993
dGDD	108	131	119.5	-0.2981	2.1406
PR	90	149	119.5	-0.4284	4.1339
PRDTR	90	149	119.5	-0.431	4.1811
DTR	90	150	120	0.4717	4.9999
GDD	104	136	120	0.6194	9.0414
dGDD	108	132	120	-0.3013	2.1797
PR	91	149	120	-0.4276	4.1188
PRDTR	91	149	120	-0.4279	4.1235
DTR	91	150	120.5	0.4696	4.9547
GDD	105	136	120.5	0.6208	9.0916
dGDD	108	133	120.5	-0.2916	2.0616
PR	91	150	120.5	-0.4183	3.9483
PRDTR	91	150	120.5	-0.4201	3.981
DTR	92	150	121	0.4641	4.8384
GDD	106	136	121	0.6225	9.1495
dGDD	108	134	121	-0.2841	1.972
PR	93	149	121	-0.4073	3.7517
PRDTR	93	149	121	-0.4105	3.8089
DTR	94	149	121.5	0.459	4.7329
GDD	107	136	121.5	0.6231	9.1718
dGDD	108	135	121.5	-0.2768	1.8879
PR	94	149	121.5	-0.4089	3.779
PRDTR	94	149	121.5	-0.4095	3.791
DTR	94	150	122	0.4596	4.7462
GDD	108	136	122	0.6231	9.1731
dGDD	109	135	122	-0.2558	1.6572
PR	95	149	122	-0.4011	3.6441
PRDTR	95	149	122	-0.4027	3.6711
DTR	95	150	122.5	0.4591	4.7351
GDD	109	136	122.5	0.6232	9.1746
dGDD	111	134	122.5	-0.2427	1.5214
PR	96	149	122.5	-0.4006	3.6355
PRDTR	96	149	122.5	-0.4014	3.6491
DTR	96	150	123	0.4593	4.7397
GDD	111	135	123	0.6242	9.211
dGDD	111	135	123	-0.235	1.4447
PR	97	149	123	-0.402	3.66
PRDTR	97	149	123	-0.4019	3.6584
DTR	98	149	123.5	0.4576	4.7033
GDD	111	136	123.5	0.6259	9.2717
dGDD	112	135	123.5	-0.2249	1.3481
PR	98	149	123.5	-0.4067	3.7421
PRDTR	98	149	123.5	-0.4038	3.6918
DTR	99	149	124	0.4637	4.8312
GDD	112	136	124	0.6265	9.2909
dGDD	114	134	124	-0.2101	1.2119
PR	103	145	124	-0.4128	3.8496
PRDTR	99	149	124	-0.407	3.7466
DTR	99	150	124.5	0.4636	4.8291
GDD	113	136	124.5	0.6264	9.2871
dGDD	114	135	124.5	-0.2029	1.1485
PR	104	145	124.5	-0.4161	3.9081
PRDTR	100	149	124.5	-0.407	3.7465
DTR	101	149	125	0.4664	4.8872
GDD	114	136	125	0.6254	9.2535
dGDD	115	135	125	-0.1767	0.9325
PR	104	146	125	-0.4186	3.9534
PRDTR	104	146	125	-0.411	3.8164
DTR	101	150	125.5	0.4661	4.8813
GDD	114	137	125.5	0.6235	9.1844
dGDD	120	131	125.5	-0.1907	1.0449
PR	106	145	125.5	-0.4245	4.0614
PRDTR	106	145	125.5	-0.4136	3.8635
DTR	103	149	126	0.4707	4.977
GDD	102	150	126	0.6215	9.1144
dGDD	120	132	126	-0.2117	1.2259
PR	106	146	126	-0.4271	4.1082
PRDTR	103	149	126	-0.4208	3.9932
DTR	103	150	126.5	0.4699	4.9615
GDD	103	150	126.5	0.6217	9.1245
dGDD	121	132	126.5	-0.1993	1.1169
PR	104	149	126.5	-0.4302	4.1667
PRDTR	104	149	126.5	-0.4268	4.1036
DTR	104	150	127	0.4659	4.8764
GDD	121	133	127	0.6247	9.2298
dGDD	122	132	127	-0.2115	1.2247
PR	106	148	127	-0.433	4.219
PRDTR	105	149	127	-0.4275	4.1167
DTR	106	149	127.5	0.4726	5.0188
GDD	121	134	127.5	0.629	9.3823
dGDD	123	132	127.5	-0.2255	1.3532
PR	106	149	127.5	-0.4385	4.3242
PRDTR	106	149	127.5	-0.4346	4.2494
DTR	106	150	128	0.4717	5
GDD	122	134	128	0.6327	9.5155
dGDD	124	132	128	-0.2237	1.3363
PR	107	149	128	-0.4324	4.2092
PRDTR	107	149	128	-0.4282	4.1297
DTR	107	150	128.5	0.4691	4.9438
GDD	123	134	128.5	0.636	9.6359
dGDD	124	133	128.5	-0.2014	1.1355
PR	108	149	128.5	-0.4326	4.2116
PRDTR	108	149	128.5	-0.4299	4.1618
DTR	109	149	129	0.4669	4.8982
GDD	123	135	129	0.6378	9.7044
dGDD	124	134	129	-0.1884	1.0262
PR	109	149	129	-0.4316	4.1935
PRDTR	109	149	129	-0.4294	4.1525
DTR	111	148	129.5	0.4719	5.0041
GDD	123	136	129.5	0.6387	9.7346
dGDD	124	135	129.5	-0.1745	0.9151
PR	110	149	129.5	-0.4323	4.2056
PRDTR	110	149	129.5	-0.4288	4.1406
DTR	111	149	130	0.4816	5.2138
GDD	124	136	130	0.6387	9.7346
dGDD	127	133	130	-0.1547	0.7683
PR	115	145	130	-0.4383	4.3214
PRDTR	111	149	130	-0.4295	4.1531
DTR	111	150	130.5	0.4798	5.1753
GDD	125	136	130.5	0.6374	9.6893
dGDD	127	134	130.5	-0.1429	0.6864
PR	116	145	130.5	-0.4444	4.4399
PRDTR	115	146	130.5	-0.4333	4.2263
DTR	112	150	131	0.4756	5.083
GDD	128	134	131	0.6459	10.0059
dGDD	128	134	131	-0.1612	0.8151
PR	116	146	131	-0.4465	4.4805
PRDTR	116	146	131	-0.4366	4.2891
DTR	114	149	131.5	0.4756	5.0827
GDD	128	135	131.5	0.6451	9.9783
dGDD	128	135	131.5	-0.1528	0.7541
PR	116	147	131.5	-0.446	4.4706
PRDTR	115	148	131.5	-0.4391	4.3371
DTR	115	149	132	0.4838	5.2633
GDD	129	135	132	0.6496	10.1513
dGDD	129	135	132	-0.1436	0.6907
PR	116	148	132	-0.4511	4.5716
PRDTR	115	149	132	-0.4472	4.494
DTR	116	149	132.5	0.4891	5.3813
GDD	129	136	132.5	0.6462	10.02
dGDD	129	136	132.5	-0.0673	0.2574
PR	116	149	132.5	-0.4548	4.6462
PRDTR	116	149	132.5	-0.45	4.5505
DTR	117	149	133	0.4869	5.3328
GDD	130	136	133	0.6399	9.7824
dGDD	130	136	133	-0.0527	0.192
PR	121	145	133	-0.4425	4.4031
PRDTR	116	150	133	-0.438	4.3147
DTR	121	146	133.5	0.4874	5.3434
GDD	130	137	133.5	0.63	9.4179
dGDD	126	141	133.5	0.0715	0.2769
PR	122	145	133.5	-0.4525	4.6006
PRDTR	122	145	133.5	-0.4428	4.4077
DTR	120	148	134	0.4895	5.3899
GDD	130	138	134	0.6201	9.0656
dGDD	127	141	134	0.0617	0.2318
PR	123	145	134	-0.455	4.651
PRDTR	123	145	134	-0.4498	4.5469
DTR	120	149	134.5	0.4972	5.5671
GDD	120	149	134.5	0.6201	9.066
dGDD	128	141	134.5	0.0575	0.2131
PR	123	146	134.5	-0.4567	4.6862
PRDTR	123	146	134.5	-0.4545	4.6408
DTR	121	149	135	0.5046	5.7416
GDD	120	150	135	0.6223	9.1436
dGDD	132	138	135	0.1052	0.452
PR	122	148	135	-0.4589	4.7312
PRDTR	121	149	135	-0.4547	4.6444
DTR	121	150	135.5	0.4996	5.6217
GDD	121	150	135.5	0.6243	9.2128
dGDD	132	139	135.5	0.1174	0.5232
PR	122	149	135.5	-0.463	4.8146
PRDTR	122	149	135.5	-0.4609	4.7716
DTR	123	149	136	0.4978	5.5818
GDD	122	150	136	0.6254	9.2545
dGDD	133	139	136	0.1709	0.8871
PR	123	149	136	-0.4641	4.8386
PRDTR	123	149	136	-0.4667	4.8929
DTR	124	149	136.5	0.4997	5.6248
GDD	123	150	136.5	0.626	9.2741
dGDD	133	140	136.5	0.1883	1.0254
PR	124	149	136.5	-0.4507	4.5635
PRDTR	124	149	136.5	-0.4572	4.6961
DTR	124	150	137	0.4954	5.5265
GDD	124	150	137	0.6249	9.2361
dGDD	133	141	137	0.2257	1.3551
PR	124	150	137	-0.4333	4.2248
PRDTR	124	150	137	-0.4433	4.4183
DTR	127	148	137.5	0.4912	5.429
GDD	125	150	137.5	0.6231	9.1712
dGDD	134	141	137.5	0.2559	1.6579
PR	129	146	137.5	-0.4163	3.9107
PRDTR	125	150	137.5	-0.4259	4.0865
DTR	127	149	138	0.4997	5.6255
GDD	126	150	138	0.621	9.0988
dGDD	135	141	138	0.2661	1.7683
PR	129	147	138	-0.4166	3.9174
PRDTR	127	149	138	-0.4283	4.1304
DTR	128	149	138.5	0.5071	5.7994
GDD	127	150	138.5	0.6209	9.0965
dGDD	135	142	138.5	0.2099	1.2097
PR	129	148	138.5	-0.4242	4.0545
PRDTR	128	149	138.5	-0.4344	4.2455
DTR	129	149	139	0.5077	5.8135
GDD	128	150	139	0.6221	9.1367
dGDD	136	142	139	0.2426	1.5206
PR	129	149	139	-0.4291	4.1455
PRDTR	129	149	139	-0.4414	4.3806
DTR	129	150	139.5	0.502	5.6802
GDD	129	150	139.5	0.6209	9.0949
dGDD	136	143	139.5	0.1936	1.0687
PR	130	149	139.5	-0.4188	3.9564
PRDTR	130	149	139.5	-0.4307	4.1768
DTR	131	149	140	0.4898	5.3975
GDD	130	150	140	0.6163	8.9343
dGDD	136	144	140	0.1754	0.9222
PR	131	149	140	-0.4055	3.7196
PRDTR	131	149	140	-0.4167	3.9179
DTR	132	149	140.5	0.4846	5.2812
GDD	131	150	140.5	0.6101	8.7263
dGDD	134	147	140.5	0.1675	0.8616
PR	131	150	140.5	-0.3835	3.3508
PRDTR	131	150	140.5	-0.3997	3.6201
DTR	137	145	141	0.5014	5.6655
GDD	132	150	141	0.6055	8.5709
dGDD	135	147	141	0.1723	0.898
PR	137	145	141	-0.3842	3.362
PRDTR	137	145	141	-0.3855	3.3843
DTR	138	145	141.5	0.5324	6.4309
GDD	133	150	141.5	0.5983	8.3372
dGDD	136	147	141.5	0.1832	0.9837
PR	138	145	141.5	-0.422	4.015
PRDTR	138	145	141.5	-0.4143	3.8762
DTR	138	146	142	0.5373	6.5593
GDD	134	150	142	0.5912	8.1119
dGDD	136	148	142	0.18	0.9584
PR	138	146	142	-0.419	3.9607
PRDTR	138	146	142	-0.4183	3.9477
DTR	138	147	142.5	0.533	6.4449
GDD	135	150	142.5	0.5856	7.9363
dGDD	135	150	142.5	0.1577	0.7896
PR	138	147	142.5	-0.4178	3.9383
PRDTR	138	147	142.5	-0.4175	3.9334
DTR	138	148	143	0.5348	6.4916
GDD	136	150	143	0.5838	7.8791
dGDD	136	150	143	0.1655	0.8468
PR	138	148	143	-0.4242	4.0548
PRDTR	138	148	143	-0.4247	4.0637
DTR	138	149	143.5	0.546	6.7907
GDD	137	150	143.5	0.5834	7.8688
dGDD	137	150	143.5	0.1285	0.5918
PR	138	149	143.5	-0.4287	4.1379
PRDTR	138	149	143.5	-0.4364	4.2845
DTR	138	150	144	0.5355	6.5103
GDD	138	150	144	0.5862	7.9533
dGDD	138	150	144	0.0809	0.3226
PR	139	149	144	-0.4226	4.0256
PRDTR	139	149	144	-0.4238	4.0478
DTR	140	149	144.5	0.5291	6.3444
GDD	140	149	144.5	0.5921	8.1393
dGDD	139	150	144.5	0.0837	0.3371
PR	140	149	144.5	-0.412	3.8342
PRDTR	140	149	144.5	-0.4174	3.9314
DTR	141	149	145	0.5265	6.2782
GDD	141	149	145	0.6004	8.4064
dGDD	140	150	145	0.0694	0.2668
PR	142	148	145	-0.4223	4.021
PRDTR	141	149	145	-0.4155	3.8966
DTR	142	149	145.5	0.5316	6.4092
GDD	141	150	145.5	0.6067	8.6127
dGDD	141	150	145.5	0.0533	0.1946
PR	142	149	145.5	-0.4317	4.196
PRDTR	142	149	145.5	-0.4318	4.1969
DTR	143	149	146	0.538	6.5753
GDD	142	150	146	0.6126	8.8085
dGDD	143	149	146	-0.0051	0.0158
PR	143	149	146	-0.426	4.0888
PRDTR	143	149	146	-0.434	4.2385
DTR	143	150	146.5	0.5322	6.4241
GDD	143	150	146.5	0.6181	8.997
dGDD	143	150	146.5	0.0408	0.1432
PR	143	150	146.5	-0.3911	3.4765
PRDTR	143	150	146.5	-0.4152	3.8914
DTR	144	150	147	0.5084	5.83
GDD	144	150	147	0.6191	9.0333
dGDD	144	150	147	0.0594	0.2213
PR	144	150	147	-0.3435	2.7417
PRDTR	144	150	147	-0.3662	3.0787
