env_code	DL	GDD	PTT	PTR	PTS
PR11	11.88	27	320.76	2.272727273	312979.6454
PR11	11.9	24.3	289.17	2.042016807	492411.9564
PR11	11.88	26.1	310.068	2.196969697	502647.3429
PR11	11.87	27.9	331.173	2.350463353	276591.8865
PR11	11.87	29.7	352.539	2.50210615	282982.9698
PR11	11.87	29.7	352.539	2.50210615	363835.2469
PR11	11.87	29.7	352.539	2.50210615	282982.9698
PR11	11.85	26.1	309.285	2.202531646	346231.3329
PR11	11.87	29.7	352.539	2.50210615	363835.2469
PR11	11.85	28.8	341.28	2.430379747	398350.548
PR11	11.85	30.6	362.61	2.582278481	325959.9408
PR11	11.85	29.7	351.945	2.506329114	282030.1659
PR11	11.83	28.8	340.704	2.434488588	238204.2237
PR11	11.85	27	319.95	2.278481013	311400.936
PR11	11.83	24.3	287.469	2.054099746	411768.8495
PR11	11.85	27.9	330.615	2.35443038	354420.7731
PR11	11.83	27	319.41	2.282333052	232763.0105
PR11	11.85	26.1	309.285	2.202531646	423171.6291
PR11	11.83	27	319.41	2.282333052	310350.6806
PR11	11.85	28.8	341.28	2.430379747	239010.3288
PR11	11.83	23.4	276.822	1.978021978	443761.168
PR11	11.85	25.2	298.62	2.126582278	456182.1504
PR11	11.83	25.2	298.116	2.130177515	378869.6621
PR11	11.85	31.5	373.275	2.658227848	288399.7305
PR11	11.87	27	320.49	2.274641955	234339.7241
PR11	11.85	28.8	341.28	2.430379747	478020.6576
PR11	11.87	25.2	299.124	2.122999158	381436.0877
PR11	11.85	25.2	298.62	2.126582278	456182.1504
PR11	11.87	24.3	288.441	2.047177759	489932.3366
PR11	11.87	26.1	309.807	2.198820556	270200.8031
PR11	11.87	27.9	331.173	2.350463353	197565.6332
PR11	11.88	25.2	299.376	2.121212121	229247.4286
PR11	11.88	27	320.76	2.272727273	312979.6454
PR11	11.88	27.9	331.452	2.348484848	356217.5802
PR11	11.88	28.8	342.144	2.424242424	240222.0396
PR11	11.9	28.8	342.72	2.420168067	321375.3984
PR11	11.92	29.7	354.024	2.491610738	285372.0092
PR11	11.9	26.1	310.59	2.193277311	426750.2316
PR11	11.92	27	321.84	2.265100671	315090.8006
PR11	11.92	27	321.84	2.265100671	393863.5008
PR11	11.93	29.7	354.321	2.489522213	367522.7428
PR11	11.95	27.9	333.405	2.334728033	280332.7317
PR11	11.93	25.2	300.636	2.112321878	385301.9693
PR11	11.95	27.9	333.405	2.334728033	360427.7979
PR11	11.95	28.8	344.16	2.410041841	405102.132
PR11	11.97	28.8	344.736	2.406015038	406459.2571
PR11	11.98	28.8	345.024	2.404006678	325710.9366
PR11	11.98	26.1	312.678	2.178631052	353869.6391
PR11	12	25.2	302.4	2.1	467804.16
PR11	12	27.9	334.8	2.325	363450.24
PR11	12.02	30.6	367.812	2.545757072	335379.4629
PR11	12.02	28.8	346.176	2.396006656	409861.9987
PR11	12.03	25.2	303.156	2.094763092	391788.4205
PR11	12.03	27.9	335.637	2.319201995	365269.7628
PR11	12.07	25.2	304.164	2.087821044	552157.4258
PR11	12.08	27.9	337.032	2.309602649	368312.3965
PR11	12.08	25.2	304.416	2.086092715	395051.9501
PR11	12.1	27	326.7	2.231404959	487018.224
PR11	12.1	27.9	337.59	2.305785124	369532.9836
PR11	12.12	27	327.24	2.227722772	488629.5322
PR11	12.13	29.7	360.261	2.448474856	464381.7128
PR11	12.15	27	328.05	2.222222222	572893.398
PR11	12.15	25.2	306.18	2.074074074	399643.632
PR11	12.18	28.8	350.784	2.36453202	420846.0883
PR11	12.18	29.7	361.746	2.438423645	383087.4355
PR11	12.18	29.7	361.746	2.438423645	383087.4355
PR11	12.22	29.7	362.934	2.430441899	299917.1317
PR11	12.22	28.8	351.936	2.356792144	423614.8051
PR11	12.23	28.8	352.224	2.354865086	424308.4027
PR11	12.25	28.8	352.8	2.351020408	425697.3
PR11	12.27	30.6	375.462	2.493887531	349475.4357
PR11	12.28	28.8	353.664	2.345276873	342227.9209
PR11	12.28	27.9	342.612	2.271986971	465188.9363
PR11	12.3	27	332.1	2.195121951	419375.88
PR11	12.32	27	332.64	2.191558442	336592.6502
PR11	12.32	27	332.64	2.191558442	336592.6502
PR11	12.35	27	333.45	2.186234818	338233.896
PR11	12.37	27	333.99	2.182700081	508995.4162
PR11	12.38	26.1	323.118	2.108239095	377894.8352
PR11	12.4	27.9	345.96	2.25	301843.1808
PR11	12.4	21.6	267.84	1.741935484	317065.4208
PR11	12.43	23.4	290.862	1.882542237	489916.4973
PR11	12.43	24.3	302.049	1.954947707	454596.6772
PR11	12.45	26.1	324.945	2.096385542	552038.3037
PR11	12.48	27	336.96	2.163461538	518088.1306
PR11	12.48	26.1	325.728	2.091346154	384024.4163
PR11	12.5	28.8	360	2.304	354600
PR11	12.52	26.1	326.772	2.084664537	386490.0563
PR11	12.53	25.2	315.756	2.011173184	425032.8365
PR11	12.55	25.2	316.26	2.007968127	426390.768
PR11	12.57	24.3	305.451	1.933174224	464894.6572
PR11	12.58	27.9	350.982	2.217806041	399432.8233
PR11	12.6	26.1	328.86	2.071428571	391445.0064
PR11	12.62	24.3	306.666	1.925515055	383400.3754
PR11	12.63	22.5	284.175	1.781472684	374705.1981
PR11	12.65	23.4	296.01	1.849802372	507412.1448
PR11	12.67	23.4	296.478	1.846882399	509017.8784
PR11	12.68	26.1	330.948	2.058359621	308335.6241
PR11	12.7	25.2	320.04	1.984251969	436644.288
PR11	12.7	25.2	320.04	1.984251969	349315.4304
PR11	12.73	24.3	309.339	1.908876669	476805.0066
PR11	12.75	23.4	298.35	1.835294118	429555.15
PR11	12.77	26.1	333.297	2.04385278	312728.1618
PR11	12.78	24.3	310.554	1.901408451	567932.0456
PR11	12.8	28.8	368.64	2.25	371825.0496
PR11	12.82	28.8	369.216	2.24648986	466234.8883
PR11	12.83	26.1	334.863	2.034294622	225481.2712
PR11	12.85	28.8	370.08	2.241245136	468419.508
PR11	12.88	28.8	370.944	2.236024845	470609.2339
PR11	12.88	27	347.76	2.096273292	459859.2768
PR11	12.9	27	348.3	2.093023256	553546.224
PR11	12.92	28.8	372.096	2.229102167	473536.8115
PR11	12.93	28.8	372.384	2.22737819	474270.1243
PR11	12.97	28.8	373.536	2.220508867	381767.2393
PR11	12.98	26.1	338.778	2.010785824	507725.7942
PR11	12.98	28.8	373.824	2.218798151	477945.1987
PR11	13	29.7	386.1	2.284615385	436405.32
PR11	13.03	30.6	398.718	2.348426708	295581.7557
PR11	13.05	30.6	399.33	2.344827586	395319.7872
PR11	13.07	32.4	423.468	2.478959449	405387.9867
PR11	13.07	28.8	376.416	2.20351951	387676.8611
PR11	13.08	30.6	400.248	2.339449541	397139.4386
