env_code	DL	GDD	PTT	PTR	PTS
PR12	11.85	24.3	287.955	2.050632911	187801.0515
PR12	11.87	26.55	315.1485	2.236731255	252384.3901
PR12	11.85	28.8	341.28	2.430379747	318680.4384
PR12	11.85	25.2	298.62	2.126582278	304121.4336
PR12	11.85	21.6	255.96	1.82278481	72390.6072
PR12	11.83	20.7	244.881	1.749788673	106859.3821
PR12	11.85	20.7	245.295	1.746835443	321663.0123
PR12	11.83	24.3	287.469	2.054099746	336901.7859
PR12	11.85	22.5	266.625	1.898734177	109950.8175
PR12	11.83	27	319.41	2.282333052	310350.6806
PR12	11.85	29.7	351.945	2.506329114	362610.2133
PR12	11.83	29.7	351.351	2.510566357	441695.5223
PR12	11.85	27.9	330.615	2.35443038	433180.9449
PR12	11.83	30.6	361.998	2.586644125	324860.5826
PR12	11.85	26.1	309.285	2.202531646	423171.6291
PR12	11.85	18	213.3	1.518987342	68750.856
PR12	11.85	28.8	341.28	2.430379747	398350.548
PR12	11.87	29.7	352.539	2.50210615	363835.2469
PR12	11.85	30.6	362.61	2.582278481	325959.9408
PR12	11.87	24.3	288.441	2.047177759	113061.3084
PR12	11.87	27.9	331.173	2.350463353	434644.393
PR12	11.87	28.8	341.856	2.426284751	319757.0607
PR12	11.87	27.9	331.173	2.350463353	355618.1397
PR12	11.88	25.2	299.376	2.121212121	382079.0477
PR12	11.88	24.3	288.684	2.045454545	188753.1466
PR12	11.88	28.8	342.144	2.424242424	320296.0527
PR12	11.9	27.9	332.01	2.344537815	357417.9756
PR12	11.9	25.2	299.88	2.117647059	383366.592
PR12	11.9	25.2	299.88	2.117647059	383366.592
PR12	11.92	26.1	311.112	2.189597315	428185.8916
PR12	11.92	23.4	278.928	1.963087248	300359.2827
PR12	11.93	28.8	343.584	2.414082146	403747.2763
PR12	11.93	29.7	354.321	2.489522213	367522.7428
PR12	11.95	28.8	344.16	2.410041841	405102.132
PR12	11.95	26.1	311.895	2.184100418	508588.2477
PR12	11.95	27.9	333.405	2.334728033	360427.7979
PR12	11.97	27	323.19	2.255639098	317739.7238
PR12	11.97	28.8	344.736	2.406015038	243875.5543
PR12	11.98	27.9	334.242	2.328881469	362239.7488
PR12	12	24.3	291.6	2.025	423688.32
PR12	12	27.9	334.8	2.325	363450.24
PR12	12.02	27	324.54	2.24625624	480599.6026
PR12	12.02	26.1	313.722	2.171381032	356236.6535
PR12	12.03	26.1	313.983	2.16957606	515420.5909
PR12	12.03	24.3	292.329	2.019950125	425809.4097
PR12	12.07	27	325.89	2.236951118	403838.5428
PR12	12.07	26.1	315.027	2.162386081	359206.5168
PR12	12.08	30.6	369.648	2.533112583	254052.0253
PR12	12.08	23.4	282.672	1.937086093	385595.9194
PR12	12.1	27.9	337.59	2.305785124	533769.8652
PR12	12.1	26.1	315.81	2.157024793	441215.3196
PR12	12.13	27	327.51	2.225886232	407863.4868
PR12	12.13	26.1	316.593	2.151690025	443405.8764
PR12	12.15	29.7	360.855	2.444444444	296490.9339
PR12	12.15	27	328.05	2.222222222	409209.57
PR12	12.18	27	328.86	2.216748768	328986.2822
PR12	12.18	27	328.86	2.216748768	328986.2822
PR12	12.2	27	329.4	2.213114754	247550.688
PR12	12.22	26.1	318.942	2.135842881	368190.0762
PR12	12.23	27.9	341.217	2.281275552	377516.0167
PR12	12.25	27	330.75	2.204081633	332778.6
PR12	12.25	28.8	352.8	2.351020408	340557.84
PR12	12.27	23.4	287.118	1.907090465	397820.983
PR12	12.28	20.7	254.196	1.685667752	38381.20877
PR12	12.3	18.9	232.47	1.536585366	37525.9716
PR12	12.32	25.2	310.464	2.045454545	410905.3133
PR12	12.32	25.2	310.464	2.045454545	410905.3133
PR12	12.35	23.4	288.99	1.894736842	322420.3632
PR12	12.35	23.4	288.99	1.894736842	322420.3632
PR12	12.37	26.1	322.857	2.109943411	377284.5893
PR12	12.4	26.1	323.64	2.10483871	547613.1648
PR12	12.4	27	334.8	2.177419355	511467.264
PR12	12.42	27.9	346.518	2.246376812	389336.9833
PR12	12.43	27.9	346.797	2.24456959	389964.1874
PR12	12.45	27	336.15	2.168674699	343733.544
PR12	12.47	28.8	359.136	2.309542903	529349.9437
PR12	12.48	25.2	314.496	2.019230769	421647.4829
PR12	12.5	26.1	326.25	2.088	470868.75
PR12	12.5	27.9	348.75	2.232	394368.75
PR12	12.53	26.1	327.033	2.083000798	387107.6991
PR12	12.55	28.8	361.44	2.294820717	446803.092
PR12	12.57	28.8	362.016	2.291169451	448228.3003
PR12	12.57	28.8	362.016	2.291169451	448228.3003
PR12	12.6	29.7	374.22	2.357142857	409962.7728
PR12	12.62	28.8	363.456	2.282091918	451801.2499
PR12	12.62	27	340.74	2.139461173	264888.5501
PR12	12.63	30.6	386.478	2.42280285	370283.3896
PR12	12.67	27.9	353.493	2.202052092	405168.5224
PR12	12.68	27	342.36	2.129337539	445688.8128
PR12	12.68	27.9	353.772	2.200315457	315628.7138
PR12	12.7	26.1	331.47	2.05511811	309309.0588
PR12	12.73	23.4	297.882	1.838177533	513850.2996
PR12	12.75	27	344.25	2.117647059	360498.6
PR12	12.77	18.9	241.353	1.480031323	121345.8063
PR12	12.77	27	344.79	2.114330462	361630.463
PR12	12.8	26.1	334.08	2.0390625	403970.4576
PR12	12.82	25.2	323.064	1.965678627	444934.8173
PR12	12.83	25.2	323.316	1.964146532	445629.2141
PR12	12.85	24.3	312.255	1.891050584	485836.6293
PR12	12.85	27	346.95	2.101167315	549263.484
PR12	12.88	21.6	278.208	1.677018634	171043.7622
PR12	12.9	26.1	336.69	2.023255814	319127.7852
PR12	12.92	28.8	372.096	2.229102167	473536.8115
PR12	12.93	26.1	337.473	2.018561485	412217.7768
PR12	12.95	28.8	372.96	2.223938224	380590.7616
PR12	12.97	28.8	373.536	2.220508867	381767.2393
PR12	12.98	24.3	315.414	1.87211094	315455.9617
PR12	13	28.8	374.4	2.215384615	287651.52
PR12	13.02	27.9	363.258	2.142857143	427862.7088
PR12	13.05	29.7	387.585	2.275862069	342042.3531
PR12	13.05	28.8	375.84	2.206896552	289868.4792
PR12	13.07	28.8	376.416	2.20351951	290757.6458
PR12	13.08	26.1	341.388	1.995412844	515579.1316
PR12	13.12	27.9	366.048	2.12652439	531007.0825
PR12	13.13	29.7	389.961	2.26199543	445177.0669
PR12	13.13	30.6	401.778	2.330540746	400181.476
PR12	13.15	30.6	402.39	2.326996198	401401.5408
PR12	13.18	29.7	391.446	2.253414264	448574.0563
PR12	13.2	27.9	368.28	2.113636364	439774.7904
PR12	13.22	27.9	368.838	2.110438729	343084.3507
PR12	13.22	30.6	404.532	2.314674735	405686.3916
PR12	13.25	30.6	405.45	2.309433962	407529.72
