line_code	Intcp_mean	Slope_mean	R2_mean
E10	2175.0404	1.813	0.9307
E100	1908.3788	0.6133	0.8878
E101	1979.316	1.2486	0.9884
E102	1812.9508	0.974	0.974
E103	2279.1353	2.2164	0.9847
E104	2079.6278	1.7446	0.9318
E105	1879.1443	0.8701	0.8148
E106	2041.8774	1.2783	0.9935
E107	2004.6325	1.1678	0.9893
E108	1870.5857	0.7383	0.9339
E109	1987.9608	1.3763	0.9591
E11	1864.8903	0.9702	0.9903
E110	1801.2347	0.5119	0.8674
E111	2227.7631	1.9965	0.9362
E112	1819.2779	0.6878	0.954
E113	1668.1422	0.6954	0.9334
E114	1764.18	0.7419	0.9719
E115	2124.2899	1.3438	0.9628
E116	2190.5844	2.0875	0.9805
E117	1795.373	0.5334	0.9248
E118	1618.3875	0.3617	0.8956
E119	2093.9639	1.7487	0.9634
E12	2206.8688	1.7347	0.9296
E120	2322.9135	2.1776	0.9535
E121	1678.6475	0.6333	0.9538
E122	1892.6472	1.492	0.955
E123	1898.5852	1.1316	0.9877
E124	1721.2459	0.4812	0.8587
E125	1833.5819	0.928	0.9648
E126	1608.3961	0.442	0.86
E127	2155.9657	2.0242	0.9912
E128	2035.1757	1.8297	0.9858
E129	1858.3589	0.7649	0.9608
E13	1851.5049	0.8124	0.9939
E130	1908.6098	0.9543	0.9795
E131	1821.0829	0.7858	0.9141
E132	1759.9249	0.5903	0.9877
E133	2070.7961	1.8027	0.9787
E134	1673.8996	0.6246	0.9311
E135	1724.1907	0.6251	0.8587
E136	1792.6182	0.7423	0.9127
E137	1958.5993	1.5841	0.9753
E138	1734.7799	0.654	0.937
E139	1733.5807	0.4835	0.931
E14	1812.7771	0.8114	0.8669
E140	1873.0243	0.7236	0.9508
E141	1793.8841	0.6247	0.9516
E142	1782.7475	0.663	0.9585
E143	1838.2775	0.8407	0.9316
E144	1756.3108	0.7107	0.9345
E145	1782.619	0.7435	0.9877
E146	1850.282	0.8125	0.9762
E147	1837.5228	0.4509	0.979
E148	1700.6712	0.6253	0.9615
E149	1663.8793	0.4654	0.915
E15	1796.4264	0.9448	0.9097
E150	2141.5406	1.729	0.9951
E151	1737.9724	0.601	0.9856
E152	2063.81	1.302	0.9567
E153	2184.857	1.7226	0.9826
E154	1995.7852	1.4857	0.9949
E156	1875.5919	1.2051	0.9918
E157	1839.8586	1.0893	0.6822
E158	1803.4963	0.4826	0.8241
E159	2264.7487	1.6953	0.793
E16	1718.6575	0.4224	0.8788
E160	1797.0853	0.7917	0.9702
E162	1700.9126	0.4309	0.7988
E163	1772.4817	0.7684	0.89
E164	1962.6595	1.1834	0.9706
E165	1897.1957	1.2424	0.9345
E166	1826.1716	0.5901	0.9698
E167	1830.5882	0.6683	0.9281
E168	1721.7156	0.5191	0.8903
E169	1838.2038	0.9353	0.9581
E17	2380.4286	1.9991	0.9278
E170	2033.1073	1.2484	0.8047
E171	1774.293	0.7967	0.9356
E172	1763.1585	0.3566	0.8377
E173	2102.6257	1.8095	0.9809
E174	1787.7635	0.7246	0.9714
E175	2320.8436	2.066	0.9499
E176	1839.6319	0.8717	0.9855
E177	2160.5158	1.8834	0.9906
E178	1727.2049	0.5478	0.9775
E179	1691.3378	0.3858	0.6692
E18	1666.1954	0.4505	0.8779
E180	2066.2477	1.6864	0.9874
E181	1708.5514	0.4926	0.929
E182	1681.1061	0.3913	0.9378
E183	1660.8396	0.5173	0.8996
E184	1662.9439	0.3401	0.7457
E185	1709.1995	0.6395	0.8863
E186	2101.6803	1.7443	0.9555
E187	1912.3837	1.1513	0.9902
E188	1829.8416	0.5469	0.934
E189	1766.9983	0.6749	0.8617
E19	2210.8533	2.0857	0.9645
E190	1797.3312	0.6384	0.8773
E191	2270.5633	1.9001	0.8953
E192	1824.812	0.8343	0.9801
E193	1756.359	0.5475	0.8247
E194	1877.7858	0.9395	0.9759
E195	1766.4467	0.7282	0.9433
E196	1689.4759	0.4112	0.8906
E197	1718.4288	0.6015	0.8686
E198	1988.5634	1.2447	0.975
E199	1833.5081	0.8516	0.907
E20	1977.6806	1.4967	0.9678
E200	1587.0478	0.3625	0.8012
E201	2062.7766	1.6631	0.9815
E202	2309.6254	2.1317	0.9691
E203	1747.4568	0.676	0.8575
E204	1853.6233	0.9514	0.9841
E205	1917.4243	0.913	0.9473
E206	1710.742	0.7166	0.9454
E207	1671.2974	0.5655	0.9856
E208	1661.6486	0.53	0.8936
E209	1769.1569	0.7216	0.8928
E21	1693.3786	0.5742	0.92
E210	1976.0219	1.024	0.9759
E211	1964.6655	1.3875	0.9827
E212	1579.4209	0.3714	0.8484
E213	1599.246	0.2403	0.8126
E214	1811.892	0.7223	0.9245
E215	1956.6762	1.0875	0.865
E217	1738.4941	0.5896	0.9107
E218	2004.356	1.5161	0.9839
E219	1919.5486	0.8891	0.9556
E22	2188.3842	1.9337	0.972
E220	1904.877	0.7879	0.9342
E221	1952.3329	1.5971	0.9455
E222	1864.6065	1.3897	0.9747
E223	1764.5874	0.6526	0.9283
E224	1738.3472	0.698	0.919
E225	1838.9738	0.9602	0.9442
E226	1900.5384	0.7867	0.9171
E227	1786.533	0.7359	0.9669
E229	1995.6364	1.0301	0.9073
E23	1924.1026	1.0118	0.9811
E230	1581.8508	0.3933	0.6694
E231	2327.9165	1.7672	0.7486
E232	2083.0243	1.5129	0.9532
E233	1672.7915	0.394	0.9456
E234	1648.2061	0.3934	0.9344
E235	1782.2966	0.8202	0.7562
E237	1923.0742	1.4305	0.9939
E238	1916.7633	0.9527	0.9475
E239	2139.0664	1.7516	0.9899
E24	1871.1035	0.8933	0.9662
E240	1802.0374	0.7795	0.9022
E241	2030.0061	1.5496	0.9628
E242	1965.4253	1.5036	0.9889
E243	1705.453	0.6996	0.907
E244	1725.9772	0.5682	0.8838
E245	1652.0294	0.4243	0.7946
E246	2202.681	1.6354	0.9641
E247	1823.2532	1.0763	0.9231
E248	1714.6108	0.4095	0.885
E25	1728.2061	0.4643	0.9012
E27	1690.4428	0.7847	0.9473
E28	2201.1822	1.8118	0.8994
E29	1626.0765	0.3818	0.7373
E30	1692.2396	0.5286	0.8923
E31	2091.5496	1.6992	0.96
E32	1872.8763	0.8913	0.9851
E33	1747.747	0.4838	0.8769
E34	2059.93	1.7064	0.9892
E35	1813.6705	0.8146	0.9894
E36	2091.9188	1.5409	0.9617
E37	1764.2648	0.7765	0.9948
E38	1814.0312	0.7877	0.8768
E39	1621.7308	0.4292	0.9458
E40	1773.4256	0.4072	0.7058
E41	1782.4188	0.7029	0.9627
E42	1768.0899	0.4573	0.9429
E43	1993.5583	1.56	0.9921
E44	1879.9267	0.8166	0.9774
E45	1657.2447	0.4004	0.8894
E46	1988.9537	1.4687	0.9926
E47	1784.4258	0.7959	0.9763
E48	1733.3192	0.7634	0.9525
E49	1683.3384	0.3299	0.7369
E5	1887.9632	0.9748	0.9925
E50	2022.7939	1.5066	0.9697
E51	1815.3044	0.9137	0.9714
E52	1953.1026	0.8122	0.8805
E53	1876.2129	1.3983	0.9821
E54	2092.9081	1.7627	0.9789
E55	1721.0228	0.469	0.9792
E56	1817.9751	0.6929	0.9046
E57	1681.801	0.5627	0.9452
E58	1838.4407	0.6828	0.8191
E59	1656.0646	0.3628	0.9164
E6	1891.7684	0.9522	0.9902
E60	1921.9042	1.4994	0.9643
E61	1993.7585	1.6467	0.9551
E62	1771.8165	0.8077	0.9745
E63	1940.2083	1.4904	0.9876
E64	1830.0196	1.2183	0.9907
E65	1838.0296	0.8434	0.988
E66	1827.6695	1.178	0.6801
E68	1791.3797	0.4814	0.8794
E69	2099.8231	1.8583	0.9526
E7	2153.6913	1.7205	0.9562
E70	1692.0751	0.4958	0.9454
E71	1713.0666	0.445	0.9338
E72	1802.4293	0.8663	0.9134
E73	1969.9298	0.8624	0.921
E74	2337.7773	2.018	0.8605
E75	2026.414	1.6235	0.9687
E76	2054.0977	1.3916	0.9413
E77	1947.7239	1.4164	0.9811
E78	1795.839	0.7039	0.9812
E79	1852.7296	0.8078	0.9806
E8	1955.5682	1.1912	0.962
E80	1929.8715	1.3654	0.9427
E81	1855.8828	0.9226	0.9387
E82	1850.6788	0.724	0.8941
E83	1692.5215	0.5901	0.9745
E84	1725.7737	0.7719	0.8979
E85	1918.2038	1.2626	0.9486
E86	1991.2151	0.9746	0.9487
E87	1982.5239	0.9273	0.9798
E88	1971.6513	0.9426	0.9819
E89	2139.6896	1.5714	0.946
E9	1865.6694	0.5879	0.9848
E90	2180.5324	1.6891	0.9422
E91	1820.7527	0.9899	0.9918
E92	1970.0986	0.7467	0.9506
E93	1984.5198	0.9215	0.9433
E94	1959.9493	1.0404	0.9766
E95	2117.7464	1.9159	0.9789
E96	1789.4688	0.9058	0.9926
E97	1882.54	0.9746	0.9888
E98	1765.773	0.9914	0.957
E99	2032.6258	1.6494	0.9883
