line_code	PR12	IA14	PR11	IA13	PR14S	KS11	KS12
E10	1409.7734	1634.3785	1464.7108	2037.96	2669.58	2928.19	3080.69
E100	1595.988	1634.3785	1830.61	1863.785	2052.27	2152.05	2229.57
E101	1512.9183	1579.9387	1606.1698	1845.6053	2092.02	2525.09	2693.47
E102	1502.5346	1438.68	1488.0238	1734.53	1926.1987	2285.5788	2315.11
E103	1428.118	1645.4103	1501.4585	2097.98	2505.72	3307.95	3467.31
E104	1502.5346	1525.499	1464.7108	1963.83	2076.32	3143.21	2881.29
E105	1574.5283	1579.9387	1716.41	1953.0933	1635.57	2139.52	2554.95
E106	1523.302	1654.52	1678.48	1967.87	2108.17	2545.48	2815.32
E107	1544.0694	1681.86	1629.878	1995.64	1986.4198	2487.03	2707.53
E108	1595.6419	1594.3281	1740.12	1856.802	1783.06	2167.34	2356.8076
E109	1492.1509	1525.499	1454.83	1885.4654	2270.94	2606.88	2679.96
E11	1480.7288	1594.5679	1512.5223	1819.4051	1969.8372	2269.1494	2408.0216
E110	1595.6419	1538.9291	1779.24	1795.8921	1769.97	2000.11	2128.86
E111	1459.9614	1579.9387	1467.0816	2024.3	2715.84	3162.22	3185
E112	1501.4962	1552.1193	1710.3	1807.0888	1835.4307	2124.09	2204.42
E113	1459.9614	1372.01	1488.0238	1697.14	1585.38	2011.79	2062.69
E114	1448.5393	1608.9573	1488.0238	1770.1398	1767.35	2048.78	2217.47
E115	1544.0694	1736.54	1753.16	2199.87	2044.02	2607.59	2984.78
E116	1492.1509	1525.499	1464.7108	1967.65	2372.18	3194.32	3317.58
E117	1615.72	1654.52	1593.9205	1709.9	1835.4307	2107.99	2050.13
E118	1512.9183	1525.499	1478.1454	1641.83	1550.47	1748.51	1871.34
E119	1502.5346	1538.9291	1517.9961	1939.6573	2121.7	3055.6	2981.33
E12	1492.1509	1704.41	1464.7108	2162.02	2589.29	3055.81	2979.69
E120	1502.5346	1714.48	1454.83	2078.05	2767.98	3275.21	3467.31
E121	1459.9614	1474.177	1488.0238	1709.9	1601.53	1935.17	2081.77
E122	1459.9614	1342.51	1432.31	1680.34	1967.2189	2683.28	2682.91
E123	1543.7233	1525.499	1478.1454	1910.9938	1897.3973	2355.6173	2578.72
E124	1470.3451	1594.5679	1630.6682	1723.05	1735.94	1801.77	2092.38
E125	1512.9183	1594.5679	1478.1454	1863.785	1769.97	2194.8373	2420.8492
E126	1523.302	1372.01	1523.191	1582.93	1550.47	1835.53	1871.34
E127	1481.7672	1498.6389	1488.0238	2036.4	2187.59	3090.19	3309.15
E128	1459.9614	1403.19	1432.31	1967.87	2014.3484	2893.44	3075.11
E129	1501.4962	1581.1378	1653.9813	1949.7815	1890.4152	2138.09	2293.61
E13	1565.5291	1565.3095	1571.0026	1872.3161	1897.3973	2153.53	2335.45
E130	1533.6857	1654.52	1558.7533	1910.5459	1967.2189	2216.205	2519.3395
E131	1564.8369	1538.9291	1642.9175	1807.0888	1735.94	2051.32	2406.548
E132	1533.6857	1525.499	1606.1698	1745.73	1817.1	1988.52	2102.77
E133	1449.9238	1474.177	1511.3369	1953.7651	2076.32	2995.79	3034.26
E134	1470.6912	1475.3761	1454.83	1736.77	1601.53	1880.87	2097.23
E135	1502.5346	1426.45	1577.6019	1869.1183	1636.44	1934.86	2122.33
E136	1533.6857	1538.9291	1618.0239	1821.8684	1670.48	2047.45	2317.89
E137	1448.5393	1405.35	1444.95	1882.4382	1954.1274	2778.89	2795.9
E138	1492.1509	1538.6892	1546.8992	1754.69	1636.44	2066.75	2107.84
E139	1501.4962	1525.499	1665.84	1716.17	1801.39	1915.78	2008.89
E14	1480.7288	1581.1378	1500.2731	1896.4382	1897.3973	1915.78	2417.6846
E140	1585.2582	1565.3095	1687.76	1820.0769	2029.1855	2164.78	2258.8
E141	1502.5346	1634.3785	1642.9175	1783.1279	1783.06	1994.65	2216.52
E142	1565.5291	1538.6892	1535.8354	1725.13	1926.1987	2028.07	2159.78
E143	1518.0591	1619.9891	1582.0664	1859.7131	1701.9	2254.3345	2331.88
E144	1471.3834	1525.499	1464.7108	1889.2723	1786.12	1982.68	2174.51
E145	1512.9183	1512.0689	1534.65	1782.6801	1868.596	2035.22	2232.2
E146	1481.7672	1623.3466	1618.0239	1794.3246	1952.3818	2139.38	2342.75
E147	1647.91	1654.52	1727.48	1846.725	1880.8147	2018.15	2087.06
E148	1471.3834	1463.1451	1454.44	1752	1801.39	1912.21	2050.13
E149	1523.302	1475.3761	1511.3369	1736.77	1601.53	1851.62	1947.22
E15	1491.1125	1450.9142	1464.7108	1925.1016	1751.64	2024.54	2466.966
E150	1533.3396	1608.9573	1569.8172	2078.05	2153.56	2882.33	3164.73
E151	1481.7672	1538.6892	1535.4403	1757.38	1815.36	1970.86	2066.31
E152	1533.6857	1757.65	1605.7746	2097.08	2046.64	2459.06	2946.78
E153	1480.7288	1672.75	1556.47	2138.96	2414.95	2954.55	3075.59
E154	1448.5393	1488.8061	1465.501	2037.96	2106.43	2591.3	2831.96
E156	1448.5393	1414.22	1490.3947	1845.6053	2013.4757	2372.7589	2544.1493
E157	1407.7	1538.6892	1432.31	1757.38	1835.4307	2834.42	2073.08
E158	1554.4531	1594.5679	1740.52	1857.81	1852.0133	1870.43	2154.68
E159	1492.1509	1841.59	1454.83	2137.84	3032.87	2678.79	3215.17
E16	1586.2965	1501.0371	1577.6019	1721.85	1846.7767	1833.3	1963.74
E160	1459.9614	1579.9387	1501.4585	1874.2688	1817.98	2078.98	2267.01
E162	1502.5346	1594.3281	1501.4585	1653.47	1897.3973	1828.1	1929.1
E163	1502.5346	1525.499	1558.7533	1831.2736	1670.48	1963.28	2355.5514
E164	1533.6857	1608.9573	1569.8172	2009.75	1906.125	2370.361	2739.92
E165	1502.5346	1594.5679	1444.95	1869.1183	1783.06	2299.3491	2786.79
E166	1627.83	1594.5679	1684.67	1757.38	1852.0133	2108.46	2158.28
E167	1595.6419	1566.7485	1703.37	1832.6172	1735.94	2139.38	2240.42
E168	1512.9183	1594.3281	1488.0238	1821.1993	1717.61	1851.62	2066.31
E169	1492.1509	1552.1193	1478.1454	1821.1993	1987.2926	2094.17	2442.3494
E17	1544.0694	1786.67	1593.9205	2218.27	2894.54	3307.95	3317.58
E170	1533.6857	1608.9573	1593.9205	1939.6573	2457.72	2148.83	2948.98
E171	1512.9183	1538.9291	1558.7533	1736.77	1670.48	2066.75	2335.45
E172	1595.988	1566.7485	1740.52	1776.9527	1817.1	1853.33	1991.47
E173	1492.1509	1525.2592	1454.83	1996.09	2188.9	3016.26	3044.89
E174	1491.1125	1525.499	1558.7533	1762.5261	1908.7433	2123.42	2144.29
E175	1459.9614	1766.04	1488.0238	2198.52	2720.86	3294.92	3317.58
E176	1502.5346	1594.5679	1523.5862	1783.1279	1952.3818	2164.78	2356.4452
E177	1533.6857	1579.9387	1523.5862	2064.39	2154.86	2997.91	3269.24
E178	1502.5346	1538.9291	1593.9205	1725.13	1735.94	1912.21	2081.77
E179	1532.6474	1474.177	1740.52	1708.33	1566.62	1853.33	1963.74
E18	1502.5346	1450.9142	1546.8992	1610.03	1817.98	1823.09	1911.92
E180	1470.3451	1512.0689	1444.95	2051.62	2171.88	2871.91	2940.96
E181	1523.302	1594.5679	1534.65	1734.31	1653.89	1867.06	2052.08
E182	1554.107	1525.499	1511.3369	1717.29	1752.08	1803.12	1904.31
E183	1502.5346	1461.946	1511.3369	1725.13	1566.62	1853.33	2004.98
E184	1512.9183	1512.0689	1665.84	1691.09	1566.62	1772.59	1919.48
E185	1470.3451	1512.0689	1546.8992	1771.4834	1566.62	1949.3	2147.68
E186	1449.9238	1594.3281	1442.19	1981.08	2271.82	3055.81	2916.61
E187	1481.7672	1552.1193	1546.8992	1925.1016	1908.7433	2340.1851	2631.87
E188	1595.6419	1579.9387	1692.7	1832.3932	1954.1274	2051.32	2102.77
E189	1471.3834	1498.6389	1668.03	1866.8457	1636.44	2020.79	2206.86
E19	1470.3451	1601.2829	1454.83	1953.7651	2448.11	3272.34	3275.3
E190	1512.9183	1538.9291	1642.9175	1953.0933	1735.94	2004.62	2192.9
E191	1438.5017	1681.86	1581.6713	2037.06	2846.53	3190.45	3117.87
E192	1492.1509	1565.3095	1535.8354	1896.4382	1817.1	2164.78	2302.07
E193	1523.302	1623.3466	1582.0664	1869.1183	1636.44	1901.96	2158.28
E194	1459.9614	1608.9573	1582.0664	1938.9855	1897.3973	2202.1973	2454.9355
E195	1480.7288	1565.3095	1444.95	1869.1183	1801.39	2000.15	2203.48
E196	1523.302	1538.9291	1535.8354	1794.3246	1686.62	1801.77	1945.55
E197	1544.0694	1512.0689	1557.9631	1754.69	1566.62	1949.3	2144.29
E198	1533.6857	1623.3466	1535.4403	1981.98	2076.32	2359.8909	2809.28
E199	1491.1125	1634.3785	1557.9631	1896.4382	1670.48	2254.3345	2329.85
E20	1448.5393	1463.1451	1432.31	1843.5899	2254.8	2647.95	2753.43
E200	1470.3451	1414.22	1546.8992	1589.37	1550.47	1650.17	1887.86
E201	1481.7672	1552.1193	1419.67	1939.2094	2304.98	2751.35	2990.34
E202	1428.118	1754.53	1442.19	2249.58	2669.58	3156.07	3467.31
E203	1480.7288	1525.499	1606.1698	1770.1398	1686.62	1869.43	2293.61
E204	1512.9183	1565.3095	1500.2731	1856.802	1868.596	2315.0187	2356.4452
E205	1492.1509	1594.5679	1714.44	1910.9938	2030.0583	2166.87	2512.8894
E206	1470.3451	1538.6892	1432.31	1734.09	1636.44	1980.83	2182.49
E207	1492.1509	1474.177	1488.0238	1635.11	1704.52	1870.43	2034.67
E208	1481.7672	1475.3761	1511.3369	1663.1	1670.48	1753.29	2076.19
E209	1481.7672	1463.1451	1580.6873	1721.55	1967.2189	1929.31	2240.42
E21	1564.8369	1475.3761	1511.3369	1608.01	1670.48	2015.78	2007.83
E210	1491.1125	1645.4103	1740.12	1990.33	2013.9121	2370.9783	2580.29
E211	1470.3451	1426.45	1500.2731	2064.39	2046.64	2462.17	2782.39
E212	1460.3075	1426.45	1501.4585	1622.56	1502.03	1686.97	1856.17
E213	1512.9183	1501.0371	1511.3369	1682.13	1566.62	1667.98	1752.7
E214	1554.4531	1623.3466	1569.8172	1832.6172	1752.08	2008.18	2342.75
E215	1564.8369	1634.3785	1690.73	1953.3172	1835.4307	2176.41	2841.63
E217	1533.6857	1487.607	1582.0664	1821.1993	1701.9	1898.68	2144.32
E218	1459.9614	1594.3281	1444.95	1854.4426	2137.41	2676.47	2862.93
E219	1544.0694	1552.1193	1733.54	1851.8376	2046.64	2330.6883	2377.9454
E22	1512.9183	1538.6892	1654.7716	2025.62	2154.86	3184.99	3246.84
E220	1502.5346	1663.64	1642.9175	1953.3172	2076.32	2160.46	2334.95
E221	1438.5017	1382.09	1419.67	1981.98	2014.3484	2343.0104	3086.73
E222	1428.118	1342.51	1444.95	1773.7227	1967.2189	2313.0956	2782.63
E223	1575.2206	1474.177	1618.8141	1723.05	1781.32	1949.96	2229.57
E224	1459.9614	1485.2088	1464.7108	1762.5261	1924.4532	1920	2151.57
E225	1481.7672	1579.9387	1546.5041	1820.0769	1801.39	2108.46	2534.6795
E226	1523.302	1645.4103	1692.7	1966.98	1967.2189	2066.75	2441.4073
E227	1512.9183	1485.2088	1618.8141	1782.6801	1817.1	2022	2267.01
E229	1617.45	1654.52	1558.42	2036.4	2092.02	2613.76	2396.8849
E23	1544.0694	1645.4103	1500.2731	1924.2301	2030.0583	2354.6914	2469.9857
E230	1438.5017	1450.9142	1418.87	1682.13	1601.53	1548.96	1932.05
E231	1502.5346	1819.28	1464.7108	2172.79	3252.37	3032.83	3050.9
E232	1439.5401	1672.75	1454.83	2197.63	2287.96	2538.12	2990.34
E233	1502.5346	1498.6389	1569.8172	1725.13	1701.9	1838.9	1872.62
E234	1471.3834	1538.9291	1534.65	1682.13	1636.44	1754.43	1919.48
E235	1459.9614	1552.1193	1478.1454	1870.9098	1636.44	2423.59	2054.91
E237	1428.118	1450.9142	1452.07	1820.0769	2046.64	2476.91	2786.79
E238	1533.6857	1634.3785	1593.9205	1896.4382	2046.64	2145.5	2566.78
E239	1492.1509	1579.9387	1535.8354	2009.97	2364.77	2867.16	3123.64
E24	1492.1509	1594.3281	1570.6074	1808.8803	2030.0583	2286.5896	2315.11
E240	1554.4531	1594.5679	1488.0238	1885.4654	1704.52	2031.68	2355.5514
E241	1407.7	1565.3095	1525.5618	1925.1016	2271.82	2476.91	3037.64
E242	1428.118	1476.5752	1419.67	1910.9938	2153.56	2503.74	2865.32
E243	1481.7672	1415.42	1511.3369	1793.8767	1636.44	1904.57	2194.76
E244	1449.9238	1512.0689	1525.5618	1855.9062	1817.1	1870.43	2050.85
E245	1502.5346	1463.1451	1595.8962	1715.5	1535.2	1788.19	1963.74
E246	1512.9183	1634.3785	1780.03	2071.55	2364.77	3049.92	3005.2
E247	1418.0804	1538.9291	1465.501	1856.802	1783.06	2079.21	2621.19
E248	1575.2206	1525.499	1593.9205	1797.6757	1670.48	1920	1919.48
E25	1543.7233	1552.1193	1666.63	1725.13	1651.71	1929.31	2028.82
E27	1448.5393	1426.45	1444.95	1620.78	1735.94	1901.96	2254.48
E28	1470.3451	1701.91	1444.95	1993.48	2655.68	3162.22	2979.69
E29	1512.9183	1382.09	1569.8172	1717.29	1601.53	1686.97	1911.92
E30	1523.302	1463.1451	1607.7503	1697.14	1601.53	1901.96	2050.85
E31	1428.118	1565.3095	1455.74	1980.95	2372.18	2939.38	2899.17
E32	1481.7672	1552.1193	1629.878	1902.2604	1954.1274	2211.4804	2378.5011
E33	1533.3396	1525.499	1665.84	1782.6801	1801.39	1838.9	2086.58
E34	1438.5017	1525.499	1454.83	1939.2094	2254.8	2816.33	2990.34
E35	1512.9183	1579.9387	1557.9631	1771.4834	1817.98	2125.56	2329.85
E36	1533.6857	1643.4917	1618.8141	2088.57	1932.56	2843.29	2983.02
E37	1471.3834	1514.2273	1488.0238	1786.0391	1801.39	2094.03	2194.76
E38	1595.6419	1608.9573	1523.191	1843.5899	1618.98	2192.7481	2315.11
E39	1460.3075	1474.177	1523.191	1588.98	1636.44	1739.92	1929.1
E40	1671.44	1498.6389	1802.57	1682.69	1751.64	1988.52	2018.48
E41	1502.5346	1552.1193	1593.9205	1826.447	1720.66	2064.73	2216.52
E42	1585.5496	1565.3095	1703.37	1757.38	1767.35	1947.54	2050.13
E43	1501.4962	1426.45	1488.0238	1896.4382	2076.32	2672.33	2893.85
E44	1523.302	1619.9891	1605.7746	1885.4654	2013.4757	2166.87	2344.61
E45	1575.2206	1498.6389	1558.7533	1593.68	1602.84	1855.99	1915.59
E46	1459.9614	1512.0689	1454.83	1938.9855	2137.41	2636.79	2782.63
E47	1502.5346	1553.3184	1464.7108	1820.0769	1817.1	2048.78	2284.46
E48	1470.3451	1475.3761	1558.7533	1662.43	1704.08	1995.24	2267.01
E49	1599.4492	1438.68	1606.1698	1747.3	1719.35	1867.06	1805.36
E5	1544.0694	1594.3281	1535.4403	1896.7313	1893.9063	2281.3052	2469.9615
E50	1492.1509	1512.0689	1511.3369	1949.0606	2105.99	2833.33	2755.62
E51	1459.9614	1594.5679	1478.1454	1843.5899	1767.35	2206.7083	2356.8076
E52	1602.4222	1704.41	1740.52	2090.81	1783.06	2307.3976	2443.0983
E53	1418.0804	1362.9	1444.95	1725.13	2044.02	2429.24	2709.17
E54	1481.7672	1581.1378	1454.83	1897.7817	2252.87	2931.07	3050.9
E55	1533.3396	1552.1193	1593.9205	1709.9	1769.97	1869.43	2018.48
E56	1554.107	1634.3785	1618.8141	1855.9062	1670.48	2152.91	2239.23
E57	1460.3075	1475.3761	1557.9631	1682.13	1635.57	1980.88	1980.38
E58	1523.302	1619.9891	1753.16	1910.9938	1650.84	2094.17	2316.63
E59	1522.9559	1487.607	1547.6895	1654.14	1751.64	1757.73	1870.69
E6	1575.2206	1579.9387	1559.5436	1861.2806	1908.7433	2340.1851	2417.4672
E60	1481.7672	1372.01	1419.67	1808.8803	1952.3818	2722.95	2695.67
E61	1438.5017	1403.19	1432.31	1783.1279	2271.82	2811.37	2815.99
E62	1470.3451	1538.9291	1488.0238	1672.95	1897.3973	2094.65	2240.42
E63	1460.3075	1392.16	1467.0816	1807.0888	2076.32	2591.71	2786.79
E64	1428.118	1342.51	1444.95	1808.8803	1939.2903	2315.0187	2531.37
E65	1460.3075	1579.9387	1595.5011	1831.2736	1893.9063	2211.6703	2293.61
E66	1481.7672	1461.946	1500.2731	1966.98	1550.47	1867.06	2965.19
E68	1575.2206	1608.9573	1753.56	1770.1398	1752.08	1941.18	2138.52
E69	1448.5393	1629.1024	1454.83	2025.62	1932.56	3074.83	3133.28
E7	1492.1509	1634.3785	1444.95	2065.41	2521.86	2886.46	3030.63
E70	1512.9183	1450.9142	1558.7533	1745.73	1735.94	1863.07	1977.2
E71	1575.2206	1475.3761	1606.1698	1725.13	1752.08	1912.21	1945.28
E72	1523.302	1542.905	1547.6895	1831.2736	1635.57	2139.38	2396.8849
E73	1656.91	1654.52	1792.28	2001.15	1835.4307	2298.1382	2551.08
E74	1492.1509	1746.62	1454.83	2115	3080.87	3230.86	3244.11
E75	1502.5346	1414.22	1478.1454	1896.4382	2204.61	2852.91	2836.04
E76	1554.107	1672.75	1666.63	2009.97	1846.7767	2711.84	2916.61
E77	1407.7	1487.607	1444.95	1857.81	2187.59	2526.2	2722.21
E78	1523.302	1552.1193	1618.0239	1783.1279	1801.39	2040.63	2252.28
E79	1533.3396	1538.9291	1654.7716	1820.0769	1939.2903	2138.09	2344.61
E8	1492.1509	1643.4917	1523.5862	1970.44	1910.4889	2580.05	2568.77
E80	1481.7672	1414.22	1464.7108	1832.3932	2059.73	2712.13	2544.1493
E81	1554.4531	1525.499	1629.878	1771.4834	1783.06	2370.361	2356.4452
E82	1627.83	1552.1193	1679.67	1903.604	1704.52	2206.7083	2280.3
E83	1512.9183	1463.1451	1511.3369	1707.65	1670.48	1919.43	2062.69
E84	1492.1509	1426.45	1454.83	1845.6053	1670.48	1920	2270.9
E85	1470.3451	1382.8	1570.6074	1807.0888	2105.99	2570.41	2520.185
E86	1616.76	1663.64	1753.16	2036.17	1880.8147	2359.8909	2628.07
E87	1595.988	1663.64	1753.16	1896.4382	2076.32	2400.49	2491.6308
E88	1606.3717	1634.3785	1653.9813	1967.65	2121.7	2298.1382	2519.3395
E89	1491.1125	1619.9891	1631.4585	1953.3172	2505.72	2843.29	2932.94
E9	1671.44	1654.52	1654.7716	1883.2261	1875.5781	2139.38	2180.77
E90	1460.3075	1654.52	1547.6895	2091.48	2571.18	2966.88	2971.67
E91	1459.9614	1538.6892	1488.0238	1771.4834	1852.0133	2192.7481	2442.3494
E92	1606.7178	1725.51	1766.2	2070.66	1967.2189	2276.4382	2377.9454
E93	1595.2958	1634.3785	1791.88	1910.5459	2120.39	2246.9982	2592.15
E94	1564.8369	1619.9891	1716.41	1864.8636	1941.0358	2420.36	2592.15
E95	1492.1509	1538.9291	1454.83	1953.7651	2137.85	3072.59	3174.11
E96	1481.7672	1474.177	1464.7108	1820.0769	1817.1	2153.34	2315.11
E97	1523.302	1538.9291	1605.7746	1795.8921	1986.4198	2263.8787	2463.5839
E98	1428.118	1475.3761	1488.0238	1716.17	1666.99	2153.53	2432.2033
E99	1470.3451	1438.68	1478.1454	1981.76	2137.85	2823.45	2898.15
