env_code	pop_code	line_code	Prd_trait_mean	Prd_trait_kPara	Obs_trait	Line_mean
IA13	1	E10	2153.705	2171.445	2037.96	2197.887
IA14	1	E10	1557.441	1509.542	1634.3785	2265.151
KS11	1	E10	2911.188	2994.791	2928.19	2049.515
KS12	1	E10	3392.113	3236.299	3080.69	2024.099
PR11	1	E10	1633.32	1533.932	1464.7108	2293.429
PR12	1	E10	1538.877	1583.331	1409.7734	2302.585
PR14S	1	E10	2211.864	2290.735	2669.58	2092.617
IA13	1	E100	1900.863	1906.995	1863.785	1915.811
IA14	1	E100	1732.97	1723.086	1634.3785	1954.046
KS11	1	E100	2163.099	2185.907	2152.05	1867.767
KS12	1	E100	2303.164	2244.409	2229.57	1854.847
PR11	1	E100	1666.617	1628.196	1830.61	1921.34
PR12	1	E100	1716.577	1733.976	1595.988	1960.444
PR14S	1	E100	1924.862	1950.753	2052.27	1884.397
IA13	1	E101	1971.2	1983.644	1845.6053	2001.601
IA14	1	E101	1563.913	1539.613	1579.9387	2045.879
KS11	1	E101	2472.5	2516.984	2525.09	1888.354
KS12	1	E101	2713.928	2609.095	2693.47	1860.29
PR11	1	E101	1564.458	1497.953	1606.1698	2041.507
PR12	1	E101	1514.632	1555.849	1512.9183	2057.049
PR14S	1	E101	2043.851	2098.373	2092.02	1960.532
IA13	1	E102	1802.289	1811.873	1734.53	1826.021
IA14	1	E102	1512.018	1489.989	1438.68	1875.329
KS11	1	E102	2173.721	2212.047	2285.5788	1734.18
KS12	1	E102	2448.88	2364.635	2315.11	1729.258
PR11	1	E102	1501.533	1446.836	1488.0238	1867.105
PR12	1	E102	1427.11	1456.729	1502.5346	1864.687
PR14S	1	E102	1858.936	1902.277	1926.1987	1794.076
IA13	1	E103	2255.324	2277.289	2097.98	2309.328
IA14	1	E103	1514.092	1464.307	1645.4103	2384.756
KS11	1	E103	3123.938	3206.5	3307.95	2107.666
KS12	1	E103	3674.189	3481.319	3467.31	2081.106
PR11	1	E103	1584.239	1467.523	1501.4585	2408.748
PR12	1	E103	1464.421	1531.597	1428.118	2420.971
PR14S	1	E103	2389.129	2486.832	2505.72	2241.371
IA13	1	E104	2056.401	2073.563	1963.83	2098.927
IA14	1	E104	1497.803	1455.225	1525.499	2171.983
KS11	1	E104	2615.126	2671.905	3143.21	1902.364
KS12	1	E104	3330.757	3159.395	2881.29	1946.017
PR11	1	E104	1533.662	1437.014	1464.7108	2182.114
PR12	1	E104	1397.739	1449.433	1502.5346	2175.81
PR14S	1	E104	2197.434	2277.09	2076.32	2080.179
IA13	1	E105	1845.518	1854.667	1953.0933	1866.82
IA14	1	E105	1597.354	1594.184	1579.9387	1929.012
KS11	1	E105	2284.025	2303.075	2139.52	1835.748
KS12	1	E105	2186.972	2124.511	2554.95	1766.51
PR11	1	E105	1555.029	1517.288	1716.41	1906.267
PR12	1	E105	1546.391	1589.512	1574.5283	1929.914
PR14S	1	E105	1979.489	2017.332	1635.57	1919.74
IA13	1	E106	2023.043	2035.919	1967.87	2054.212
IA14	1	E106	1608.664	1586.859	1654.52	2106.437
KS11	1	E106	2574.941	2618.642	2545.48	1957.944
KS12	1	E106	2745.518	2639.855	2815.32	1912.97
PR11	1	E106	1610.441	1545.074	1678.48	2102.444
PR12	1	E106	1584.115	1628.379	1523.302	2128.307
PR14S	1	E106	2116.388	2171.828	2108.17	2030.829
IA13	1	E107	1977.618	1989.412	1995.64	2006.131
IA14	1	E107	1597.452	1577.01	1681.86	2058.428
KS11	1	E107	2480.18	2518.562	2487.03	1924.233
KS12	1	E107	2651.581	2553.891	2707.53	1887.483
PR11	1	E107	1625.915	1568.855	1629.878	2067.092
PR12	1	E107	1580.708	1621.816	1544.0694	2081.393
PR14S	1	E107	2086.239	2137.569	1986.4198	2007.668
IA13	1	E108	1854.862	1862.44	1856.802	1872.883
IA14	1	E108	1639.743	1632.55	1594.3281	1916.629
KS11	1	E108	2175.42	2194.284	2167.34	1821.127
KS12	1	E108	2231.639	2170.19	2356.8076	1789.549
PR11	1	E108	1592.85	1555.04	1740.12	1892.33
PR12	1	E108	1595.477	1626.315	1595.6419	1916.41
PR14S	1	E108	1935.244	1967.427	1783.06	1885.173
IA13	1	E109	1971.502	1984.969	1885.4654	2005.043
IA14	1	E109	1538.266	1503.052	1525.499	2065.038
KS11	1	E109	2522.736	2583.461	2606.88	1884.808
KS12	1	E109	2906.755	2789.471	2679.96	1872.628
PR11	1	E109	1574.52	1498.712	1454.83	2076.816
PR12	1	E109	1467.754	1504.75	1492.1509	2070.596
PR14S	1	E109	2031.806	2092.533	2270.94	1940.798
IA13	1	E11	1848.809	1858.464	1819.4051	1872.471
IA14	1	E11	1527.408	1506.303	1594.5679	1909.944
KS11	1	E11	2258.188	2295.81	2269.1494	1797.514
KS12	1	E11	2449.143	2367.987	2408.0216	1774.368
PR11	1	E11	1565.021	1515.526	1512.5223	1923.618
PR12	1	E11	1513.37	1543.194	1480.7288	1928.917
PR14S	1	E11	1912.046	1954.562	1969.8372	1847.399
IA13	1	E110	1789.627	1794.892	1795.8921	1802.125
IA14	1	E110	1667.223	1664.085	1538.9291	1844.952
KS11	1	E110	2016.108	2029.188	2000.11	1768.089
KS12	1	E110	2062.465	2017.148	2128.86	1746.631
PR11	1	E110	1584.024	1554.149	1779.24	1804.901
PR12	1	E110	1617.032	1638.13	1595.6419	1835.5
PR14S	1	E110	1841.009	1862.987	1769.97	1806.446
IA13	1	E111	2213.056	2232.511	2024.3	2261.674
IA14	1	E111	1566.951	1513.488	1579.9387	2335.734
KS11	1	E111	2984.822	3073.442	3162.22	2072.02
KS12	1	E111	3613.957	3437.573	3185	2068.224
PR11	1	E111	1623.454	1510.75	1467.0816	2354.543
PR12	1	E111	1494.406	1544.3	1459.9614	2355.73
PR14S	1	E111	2278.03	2365.845	2715.84	2146.417
IA13	1	E112	1804.521	1811.488	1807.0888	1821.309
IA14	1	E112	1607.824	1598.304	1552.1193	1863.804
KS11	1	E112	2088.804	2109.051	2124.09	1768.476
KS12	1	E112	2233.36	2167.687	2204.42	1755.088
PR11	1	E112	1556.012	1516.811	1710.3	1837.441
PR12	1	E112	1589.964	1613.229	1501.4962	1872.241
PR14S	1	E112	1862.721	1892.516	1835.4307	1816.586
IA13	1	E113	1646.306	1653.321	1697.14	1663.309
IA14	1	E113	1463.934	1453.279	1372.01	1717.498
KS11	1	E113	1922.549	1943.24	2011.79	1610.868
KS12	1	E113	2080.891	2019.113	2062.69	1602.384
PR11	1	E113	1427.138	1389.829	1488.0238	1698.162
PR12	1	E113	1386.783	1412.981	1459.9614	1702.839
PR14S	1	E113	1729.099	1760.511	1585.38	1681.936
IA13	1	E114	1745.063	1752.561	1770.1398	1763.187
IA14	1	E114	1487.127	1473.034	1608.9573	1790.05
KS11	1	E114	2077.488	2103.149	2048.78	1716.747
KS12	1	E114	2167.539	2106.955	2217.47	1688.632
PR11	1	E114	1537.256	1503.204	1488.0238	1810.206
PR12	1	E114	1504.917	1530.156	1448.5393	1816.787
PR14S	1	E114	1813.495	1845.972	1767.35	1763.652
IA13	1	E115	2078.822	2092.577	2199.87	2111.693
IA14	1	E115	1661.745	1643.356	1736.54	2188.915
KS11	1	E115	2708.151	2749.706	2607.59	2043.74
KS12	1	E115	2809.581	2698.253	2984.78	1980.875
PR11	1	E115	1666.856	1602.825	1753.16	2186.145
PR12	1	E115	1658.459	1708.73	1544.0694	2220.993
PR14S	1	E115	2228.393	2286.887	2044.02	2137.668
IA13	1	E116	2176.913	2197.543	1967.65	2227.74
IA14	1	E116	1495.141	1448.65	1525.499	2301.432
KS11	1	E116	2968.53	3045.852	3194.32	2023.295
KS12	1	E116	3495.439	3317.948	3317.58	2002.752
PR11	1	E116	1533.732	1422.231	1464.7108	2311.563
PR12	1	E116	1378.119	1444.188	1492.1509	2306.99
PR14S	1	E116	2299.65	2392.225	2372.18	2160.318
IA13	1	E117	1796.651	1801.869	1709.9	1809.619
IA14	1	E117	1606.971	1593.091	1654.52	1818.849
KS11	1	E117	1965.505	1983.921	2107.99	1743.27
KS12	1	E117	2166.829	2117.067	2050.13	1752.914
PR11	1	E117	1633.289	1604.273	1593.9205	1828.948
PR12	1	E117	1588.299	1603.747	1615.72	1825.315
PR14S	1	E117	1824.331	1848.361	1835.4307	1788.697
IA13	1	E118	1605.63	1609.335	1641.83	1614.48
IA14	1	E118	1489.64	1484.488	1525.499	1633.869
KS11	1	E118	1775.552	1786.663	1748.51	1596.7
KS12	1	E118	1778.451	1753.081	1871.34	1576.229
PR11	1	E118	1509.762	1494.914	1478.1454	1641.761
PR12	1	E118	1470.781	1486.306	1512.9183	1635.966
PR14S	1	E118	1654.372	1670.533	1550.47	1629.707
IA13	1	E119	2077.08	2094.384	1939.6573	2119.682
IA14	1	E119	1510.593	1471.829	1538.9291	2186.47
KS11	1	E119	2684.049	2741.462	3055.6	1933.691
KS12	1	E119	3252.088	3090.349	2981.33	1946.07
PR11	1	E119	1532.146	1437.128	1517.9961	2189.958
PR12	1	E119	1416.115	1471.456	1502.5346	2192.535
PR14S	1	E119	2206.714	2285.356	2121.7	2089.341
IA13	1	E12	2172.01	2188.906	2162.02	2214.344
IA14	1	E12	1610.482	1560.463	1704.41	2290.612
KS11	1	E12	2845.753	2923.765	3055.81	2065.379
KS12	1	E12	3478.736	3317.284	2979.69	2078.065
PR11	1	E12	1711.045	1615.435	1464.7108	2330.562
PR12	1	E12	1590.527	1629.778	1492.1509	2325.988
PR14S	1	E12	2257.703	2334.906	2589.29	2143.132
IA13	1	E120	2310.712	2332.072	2078.05	2363.724
IA14	1	E120	1566.038	1510.508	1714.48	2424.319
KS11	1	E120	3182.774	3276.269	3275.21	2164.197
KS12	1	E120	3719.87	3538.943	3467.31	2132.181
PR11	1	E120	1677.617	1562.217	1454.83	2467.594
PR12	1	E120	1515.573	1575.722	1502.5346	2459.643
PR14S	1	E120	2392.743	2488.164	2767.98	2248.736
IA13	1	E121	1657.949	1664.405	1709.9	1673.439
IA14	1	E121	1468.636	1459.637	1474.177	1712.726
KS11	1	E121	1939.172	1958.242	1935.17	1635.894
KS12	1	E121	2004.435	1953.185	2081.77	1611.46
PR11	1	E121	1468.702	1438.561	1488.0238	1710.418
PR12	1	E121	1435.111	1460.066	1459.9614	1715.095
PR14S	1	E121	1734.466	1762.588	1601.53	1691.5
IA13	1	E122	1891.741	1906.456	1680.34	1928.032
IA14	1	E122	1423.113	1391.347	1342.51	1984.337
KS11	1	E122	2411.317	2462.595	2683.28	1760.875
KS12	1	E122	2842.74	2712.93	2682.91	1760.937
PR11	1	E122	1402.128	1318.845	1432.31	1969.37
PR12	1	E122	1282.833	1332.397	1459.9614	1964.761
PR14S	1	E122	1980.093	2046.813	1967.2189	1880.219
IA13	1	E123	1868.873	1880.215	1910.9938	1896.517
IA14	1	E123	1526.227	1504.585	1525.499	1960.766
KS11	1	E123	2364.707	2407.022	2355.6173	1822.413
KS12	1	E123	2526.604	2438.596	2578.72	1785.229
PR11	1	E123	1552.225	1496.853	1478.1454	1968.658
PR12	1	E123	1447.776	1487.857	1543.7233	1957.729
PR14S	1	E123	1974.833	2025.163	1897.3973	1898.783
IA13	1	E124	1709.191	1714.21	1723.05	1720.945
IA14	1	E124	1551.112	1547.733	1594.5679	1742.359
KS11	1	E124	1977.56	1992.882	1801.77	1707.825
KS12	1	E124	1894.517	1861.044	2092.38	1659.39
PR11	1	E124	1542.193	1520.534	1630.6682	1736.342
PR12	1	E124	1573.291	1593.208	1470.3451	1763.063
PR14S	1	E124	1751.06	1770.795	1735.94	1718.797
IA13	1	E125	1805.864	1815.258	1863.785	1828.548
IA14	1	E125	1503.58	1487.13	1594.5679	1873.418
KS11	1	E125	2222.745	2254.273	2194.8373	1773.373
KS12	1	E125	2314.793	2243.12	2420.8492	1735.704
PR11	1	E125	1553.373	1511.557	1478.1454	1892.821
PR12	1	E125	1476.867	1511.452	1512.9183	1887.026
PR14S	1	E125	1906.878	1948.077	1769.97	1844.184
IA13	1	E126	1601.863	1606.305	1582.93	1612.64
IA14	1	E126	1496.318	1490.711	1372.01	1647.794
KS11	1	E126	1765.671	1778.176	1835.53	1570.541
KS12	1	E126	1856.832	1820.039	1871.34	1564.572
PR11	1	E126	1444.665	1419.362	1523.191	1622.597
PR12	1	E126	1408.875	1427.434	1523.302	1622.579
PR14S	1	E126	1648.057	1668.05	1550.47	1618.051
IA13	1	E127	2126.54	2146.742	2036.4	2175.893
IA14	1	E127	1486.168	1446.46	1498.6389	2265.52
KS11	1	E127	2930.271	3000.266	3090.19	2000.262
KS12	1	E127	3352.121	3182.314	3309.15	1963.768
PR11	1	E127	1506.094	1401.351	1488.0238	2267.289
PR12	1	E127	1366.787	1436.191	1481.7672	2268.332
PR14S	1	E127	2286.56	2376.463	2187.59	2150.695
IA13	1	E128	2001.755	2020.03	1967.87	2046.393
IA14	1	E128	1443.676	1408.488	1403.19	2140.507
KS11	1	E128	2728.012	2790.666	2893.44	1892.132
KS12	1	E128	3119.147	2965.415	3075.11	1861.853
PR11	1	E128	1447.443	1352.572	1432.31	2135.653
PR12	1	E128	1306.875	1370.778	1459.9614	2131.045
PR14S	1	E128	2161.713	2243.462	2014.3484	2038.647
IA13	1	E129	1824.377	1832.133	1949.7815	1843.122
IA14	1	E129	1615.866	1603.493	1581.1378	1904.562
KS11	1	E129	2188.347	2216.229	2138.09	1811.737
KS12	1	E129	2310.956	2242.359	2293.61	1785.817
PR11	1	E129	1595.501	1555.276	1653.9813	1892.422
PR12	1	E129	1604.835	1629.2	1501.4962	1917.836
PR14S	1	E129	1904.252	1937.573	1890.4152	1853.016
IA13	1	E13	1828.181	1836.327	1872.3161	1848.036
IA14	1	E13	1590.93	1575.718	1565.3095	1899.204
KS11	1	E13	2199.46	2231.474	2153.53	1801.167
KS12	1	E13	2307.358	2243.388	2335.45	1770.847
PR11	1	E13	1595.161	1554.087	1571.0026	1898.255
PR12	1	E13	1541.517	1569.017	1565.5291	1899.168
PR14S	1	E13	1898.21	1933.933	1897.3973	1843.856
IA13	1	E130	1884.979	1894.61	1910.5459	1908.287
IA14	1	E130	1572.297	1554.987	1654.52	1950.958
KS11	1	E130	2341.419	2378.387	2216.205	1857.344
KS12	1	E130	2395.684	2324.733	2519.3395	1806.821
PR11	1	E130	1614.813	1570.286	1558.7533	1966.919
PR12	1	E130	1561.543	1594.792	1533.6857	1971.097
PR14S	1	E130	1962.665	2004.028	1967.2189	1898.842
IA13	1	E131	1804.233	1812.341	1807.0888	1823.415
IA14	1	E131	1570.991	1564.469	1538.9291	1868.109
KS11	1	E131	2189.238	2212.315	2051.32	1782.71
KS12	1	E131	2127.567	2074.159	2406.548	1723.505
PR11	1	E131	1539.599	1503.121	1642.9175	1850.777
PR12	1	E131	1512.317	1547.963	1564.8369	1863.791
PR14S	1	E131	1888.527	1922.382	1735.94	1835.273
IA13	1	E132	1747.884	1753.801	1745.73	1762.291
IA14	1	E132	1580.322	1570.23	1525.499	1798.996
KS11	1	E132	2008.105	2030.302	1988.52	1721.826
KS12	1	E132	2101.26	2052.017	2102.77	1702.784
PR11	1	E132	1555.637	1523.296	1606.1698	1785.551
PR12	1	E132	1542.746	1562.408	1533.6857	1797.631
PR14S	1	E132	1789.767	1815.417	1817.1	1750.396
IA13	1	E133	2046.355	2064.302	1953.7651	2090.301
IA14	1	E133	1478.41	1441.971	1474.177	2170.233
KS11	1	E133	2712.944	2771.75	2995.79	1916.63
KS12	1	E133	3208.885	3046.469	3034.26	1910.219
PR11	1	E133	1479.289	1382.543	1511.3369	2164.039
PR12	1	E133	1376.911	1436.585	1449.9238	2174.275
PR14S	1	E133	2190.993	2271.578	2076.32	2069.875
IA13	1	E134	1648.122	1654.511	1736.77	1663.421
IA14	1	E134	1465.621	1456.897	1475.3761	1706.987
KS11	1	E134	1954.323	1975.497	1880.87	1639.405
KS12	1	E134	1965.705	1920.378	2097.23	1603.345
PR11	1	E134	1478.02	1450.326	1454.83	1710.411
PR12	1	E134	1428.253	1453.567	1470.6912	1707.768
PR14S	1	E134	1728.317	1755.966	1601.53	1685.961
IA13	1	E135	1684.669	1691.106	1869.1183	1700.036
IA14	1	E135	1552.218	1545.912	1426.45	1773.814
KS11	1	E135	2003.024	2023.682	1934.86	1689.079
KS12	1	E135	2045.456	1993.955	2122.33	1657.834
PR11	1	E135	1502.017	1470.345	1577.6019	1748.622
PR12	1	E135	1486.362	1511.231	1502.5346	1761.133
PR14S	1	E135	1781.284	1809.042	1636.44	1738.816
IA13	1	E136	1769.594	1777.263	1821.8684	1787.743
IA14	1	E136	1551.649	1544.902	1538.9291	1834.9
KS11	1	E136	2121.335	2141.388	2047.45	1750.146
KS12	1	E136	2113.952	2058.011	2317.89	1705.073
PR11	1	E136	1528.987	1494.57	1618.0239	1821.717
PR12	1	E136	1508.337	1541.056	1533.6857	1835.774
PR14S	1	E136	1863.498	1895.932	1670.48	1812.975
IA13	1	E137	1932.658	1948.398	1882.4382	1971.293
IA14	1	E137	1448.723	1415.947	1405.35	2050.807
KS11	1	E137	2519.059	2572.29	2778.89	1821.884
KS12	1	E137	2969.348	2827.596	2795.9	1819.049
PR11	1	E137	1446.757	1361.522	1444.95	2044.207
PR12	1	E137	1333.316	1385.678	1448.5393	2043.609
PR14S	1	E137	2065.823	2137.048	1954.1274	1959.345
IA13	1	E138	1715.475	1722.108	1754.69	1731.462
IA14	1	E138	1512.378	1501.8	1538.6892	1767.462
KS11	1	E138	1969.582	1986.723	2066.75	1679.452
KS12	1	E138	2120.706	2060.289	2107.84	1672.603
PR11	1	E138	1514.761	1482.1	1546.8992	1766.093
PR12	1	E138	1490.658	1514.809	1492.1509	1775.218
PR14S	1	E138	1795.635	1825.069	1636.44	1751.17
IA13	1	E139	1724.687	1729.567	1716.17	1736.483
IA14	1	E139	1592.404	1585.704	1525.499	1768.261
KS11	1	E139	1939.406	1956.158	1915.78	1703.214
KS12	1	E139	2019.423	1975.261	2008.89	1687.696
PR11	1	E139	1545.326	1516.767	1665.84	1744.871
PR12	1	E139	1576.192	1591.744	1501.4962	1772.262
PR14S	1	E139	1754.415	1774.947	1801.39	1722.279
IA13	1	E14	1778.96	1787.269	1896.4382	1798.834
IA14	1	E14	1532.579	1520.986	1581.1378	1851.384
KS11	1	E14	2261.637	2298.343	1915.78	1795.61
KS12	1	E14	2128.772	2081.372	2417.6846	1711.959
PR11	1	E14	1568.397	1534.383	1500.2731	1864.861
PR12	1	E14	1523.503	1554.111	1480.7288	1868.119
PR14S	1	E14	1852.756	1886.953	1897.3973	1798.674
IA13	1	E140	1864.214	1871.374	1820.0769	1881.849
IA14	1	E140	1660.375	1645.906	1565.3095	1924.31
KS11	1	E140	2171.334	2201.5	2164.78	1824.398
KS12	1	E140	2330.901	2268.443	2258.8	1808.728
PR11	1	E140	1621.467	1578.912	1687.76	1903.902
PR12	1	E140	1611.395	1632.484	1585.2582	1920.985
PR14S	1	E140	1894.806	1926.052	2029.1855	1846.997
IA13	1	E141	1780.426	1786.843	1783.1279	1795.677
IA14	1	E141	1571.192	1563.595	1634.3785	1820.468
KS11	1	E141	2077.542	2096.245	1994.65	1760.423
KS12	1	E141	2086.624	2036.801	2216.52	1723.445
PR11	1	E141	1573.448	1543.941	1642.9175	1819.045
PR12	1	E141	1586.762	1610.754	1502.5346	1842.442
PR14S	1	E141	1837.729	1864.35	1783.06	1795.688
IA13	1	E142	1776.198	1782.724	1725.13	1792.35
IA14	1	E142	1573.938	1558.834	1538.6892	1823.424
KS11	1	E142	2067.329	2097.685	2028.07	1741.86
KS12	1	E142	2175.342	2125.494	2159.78	1719.909
PR11	1	E142	1580.004	1544.395	1535.8354	1823.9
PR12	1	E142	1522.669	1542.74	1565.5291	1818.951
PR14S	1	E142	1802.645	1831.509	1926.1987	1758.839
IA13	1	E143	1814.157	1822.705	1859.7131	1834.705
IA14	1	E143	1539.942	1526.37	1619.9891	1874.659
KS11	1	E143	2145.571	2167.125	2254.3345	1768.935
KS12	1	E143	2318.308	2242.067	2331.88	1756.01
PR11	1	E143	1560.729	1520.421	1582.0664	1880.979
PR12	1	E143	1528.099	1559.622	1518.0591	1891.647
PR14S	1	E143	1918.219	1955.967	1701.9	1861.007
IA13	1	E144	1716.702	1723.871	1889.2723	1734.151
IA14	1	E144	1521.167	1507.136	1525.499	1794.779
KS11	1	E144	2080.002	2110.624	1982.68	1718.583
KS12	1	E144	2160.986	2104.516	2174.51	1686.611
PR11	1	E144	1548.697	1515.128	1464.7108	1804.911
PR12	1	E144	1500.353	1522.784	1471.3834	1803.799
PR14S	1	E144	1798.945	1830.357	1786.12	1751.343
IA13	1	E145	1764.45	1771.893	1782.6801	1782.609
IA14	1	E145	1547.302	1533.439	1512.0689	1827.711
KS11	1	E145	2113.234	2144.108	2035.22	1740.519
KS12	1	E145	2192.205	2135.414	2232.2	1707.689
PR11	1	E145	1544.852	1506.613	1534.65	1823.947
PR12	1	E145	1502.394	1527.124	1512.9183	1827.569
PR14S	1	E145	1817.806	1850.127	1868.596	1768.29
IA13	1	E146	1839.803	1847.979	1794.3246	1859.608
IA14	1	E146	1567.832	1553.408	1623.3466	1888.105
KS11	1	E146	2204.917	2234.693	2139.38	1802.099
KS12	1	E146	2296.541	2229.865	2342.75	1768.204
PR11	1	E146	1576.516	1534.896	1618.0239	1888.992
PR12	1	E146	1576.353	1602.861	1481.7672	1911.701
PR14S	1	E146	1887.334	1922.053	1952.3818	1833.265
IA13	1	E147	1824.97	1829.495	1846.725	1835.989
IA14	1	E147	1701.769	1694.026	1654.52	1868.023
KS11	1	E147	2024.046	2040.824	2018.15	1807.418
KS12	1	E147	2112.434	2072.343	2087.06	1795.933
PR11	1	E147	1678.8	1653.537	1727.48	1855.863
PR12	1	E147	1678.969	1693.223	1647.91	1869.125
PR14S	1	E147	1860.385	1880.011	1880.8147	1830.307
IA13	1	E148	1676.81	1683.022	1752	1692.116
IA14	1	E148	1506.454	1492.694	1463.1451	1740.259
KS11	1	E148	1979.169	2008.494	1912.21	1665.415
KS12	1	E148	2077.931	2028.87	2050.13	1642.428
PR11	1	E148	1514.278	1481.813	1454.44	1741.71
PR12	1	E148	1466.089	1484.414	1471.3834	1738.886
PR14S	1	E148	1725.378	1752.842	1801.39	1683.885
IA13	1	E149	1640.315	1645.044	1736.77	1651.731
IA14	1	E149	1523.647	1516.649	1475.3761	1695.296
KS11	1	E149	1855.694	1871.508	1851.62	1632.589
KS12	1	E149	1918.013	1880.182	1947.22	1616.656
PR11	1	E149	1514.101	1491.355	1511.3369	1689.303
PR12	1	E149	1476.127	1493.968	1523.302	1687.309
PR14S	1	E149	1705.871	1726.876	1601.53	1674.271
IA13	1	E15	1751.817	1761.494	1925.1016	1774.981
IA14	1	E15	1498.037	1485.803	1450.9142	1854.012
KS11	1	E15	2263.926	2300.959	2024.54	1758.408
KS12	1	E15	2203.183	2141.397	2466.966	1684.67
PR11	1	E15	1500.271	1458.358	1464.7108	1851.712
PR12	1	E15	1423.966	1462.291	1491.1125	1847.312
PR14S	1	E15	1867.619	1908.855	1751.64	1803.891
IA13	1	E150	2109.941	2127.287	2078.05	2152.122
IA14	1	E150	1558.804	1526.67	1608.9573	2230.304
KS11	1	E150	2832.085	2891.752	2882.33	2018.076
KS12	1	E150	3119.475	2977.635	3164.73	1971.009
PR11	1	E150	1586.884	1500.08	1569.8172	2236.828
PR12	1	E150	1481.616	1542.144	1533.3396	2242.907
PR14S	1	E150	2255.665	2332.026	2153.56	2139.537
IA13	1	E151	1720.047	1726.045	1757.38	1734.738
IA14	1	E151	1540.623	1528.123	1538.6892	1771.186
KS11	1	E151	1990.563	2015.077	1970.86	1699.158
KS12	1	E151	2109.212	2057.424	2066.31	1683.249
PR11	1	E151	1546.54	1514.828	1535.4403	1771.728
PR12	1	E151	1528.19	1545.835	1481.7672	1780.673
PR14S	1	E151	1765.057	1791.312	1815.36	1725.074
IA13	1	E152	2026.445	2039.729	2097.08	2058.265
IA14	1	E152	1590.068	1569.891	1757.65	2114.837
KS11	1	E152	2666.747	2712.429	2459.06	1997.935
KS12	1	E152	2671.336	2576.145	2946.78	1916.648
PR11	1	E152	1656.043	1598.821	1605.7746	2140.149
PR12	1	E152	1598.45	1647.542	1533.6857	2152.164
PR14S	1	E152	2154.255	2210.564	2046.64	2066.672
IA13	1	E153	2150.468	2167.52	2138.96	2192.506
IA14	1	E153	1597.457	1557.157	1672.75	2270.208
KS11	1	E153	2856.712	2925.527	2954.55	2056.575
KS12	1	E153	3306.618	3153.894	3075.59	2036.401
PR11	1	E153	1653.398	1561.888	1556.47	2289.588
PR12	1	E153	1570.344	1618.833	1480.7288	2302.212
PR14S	1	E153	2261.065	2336.982	2414.95	2146.508
IA13	1	E154	1952.442	1967.274	2037.96	1988.756
IA14	1	E154	1513.194	1482.788	1488.8061	2080.282
KS11	1	E154	2610.115	2669.312	2591.3	1896.533
KS12	1	E154	2885.462	2762.473	2831.96	1856.423
PR11	1	E154	1533.2	1456.706	1465.501	2084.166
PR12	1	E154	1439.485	1486.576	1448.5393	2086.993
PR14S	1	E154	2076.608	2142.213	2106.43	1977.344
IA13	1	E156	1851.179	1863.156	1845.6053	1880.59
IA14	1	E156	1502.62	1478.265	1414.22	1952.487
KS11	1	E156	2366.668	2415.005	2372.7589	1792.731
KS12	1	E156	2608.3	2508.145	2544.1493	1764.166
PR11	1	E156	1484.219	1418.715	1490.3947	1939.791
PR12	1	E156	1417.006	1455.021	1448.5393	1946.767
PR14S	1	E156	1932.873	1985.832	2013.4757	1852.611
IA13	1	E157	1827.059	1837.472	1757.38	1853.605
IA14	1	E157	1460.071	1422.633	1538.6892	1890.053
KS11	1	E157	2005.629	2035.871	2834.42	1674.098
KS12	1	E157	2927.352	2782.575	2073.08	1800.988
PR11	1	E157	1507.453	1437.923	1432.31	1907.783
PR12	1	E157	1445.533	1464.971	1407.7	1911.885
PR14S	1	E157	1913.822	1965.889	1835.4307	1840.597
IA13	1	E158	1782.62	1787.636	1857.81	1794.444
IA14	1	E158	1663.021	1660.078	1594.5679	1838.318
KS11	1	E158	2067.591	2085.713	1870.43	1792.341
KS12	1	E158	2001.33	1966.085	2154.68	1744.966
PR11	1	E158	1613.908	1589.11	1740.52	1813.992
PR12	1	E158	1653.994	1672.662	1554.4531	1845.004
PR14S	1	E158	1827.589	1847.39	1852.0133	1795.41
IA13	1	E159	2244.585	2261.125	2137.84	2285.9
IA14	1	E159	1656.91	1608.666	1841.59	2335.275
KS11	1	E159	3101.164	3198.557	2678.79	2195.742
KS12	1	E159	3284.153	3164.885	3215.17	2106.345
PR11	1	E159	1810.629	1724.379	1454.83	2399.735
PR12	1	E159	1694.84	1732.565	1492.1509	2393.515
PR14S	1	E159	2246.634	2317.954	3032.87	2136.728
IA13	1	E16	1707.807	1711.967	1721.85	1718.125
IA14	1	E16	1608.493	1599.733	1501.0371	1754.928
KS11	1	E16	1921.218	1943.715	1833.3	1699.55
KS12	1	E16	1963.202	1933.634	1963.74	1677.81
PR11	1	E16	1583.638	1559.462	1577.6019	1742.167
PR12	1	E16	1550.319	1562.81	1586.2965	1740.718
PR14S	1	E16	1725.021	1743.193	1846.7767	1697.304
IA13	1	E160	1764.832	1772.831	1874.2688	1784.221
IA14	1	E160	1520.408	1505.355	1579.9387	1833.276
KS11	1	E160	2142.531	2172.83	2078.98	1750.103
KS12	1	E160	2243.284	2178.095	2267.01	1718.765
PR11	1	E160	1555.279	1517.759	1501.4585	1846.356
PR12	1	E160	1520.565	1546.301	1459.9614	1853.273
PR14S	1	E160	1846.698	1881.463	1817.98	1793.603
IA13	1	E162	1698.33	1702.515	1653.47	1708.82
IA14	1	E162	1546.075	1533.393	1594.3281	1718.677
KS11	1	E162	1902.287	1926.33	1828.1	1679.715
KS12	1	E162	1975.308	1942.905	1929.1	1662.881
PR11	1	E162	1583.198	1560.481	1501.4585	1734.155
PR12	1	E162	1556.954	1566.055	1502.5346	1733.976
PR14S	1	E162	1696.091	1714.299	1897.3973	1668.165
IA13	1	E163	1743.877	1751.85	1831.2736	1762.683
IA14	1	E163	1517.304	1510.71	1525.499	1813.645
KS11	1	E163	2149.972	2173.932	1963.28	1740.682
KS12	1	E163	2060.006	2009.212	2355.5514	1675.303
PR11	1	E163	1511.472	1478.542	1558.7533	1808.103
PR12	1	E163	1479.062	1513.609	1502.5346	1817.473
PR14S	1	E163	1841.651	1874.827	1670.48	1789.482
IA13	1	E164	1925.877	1937.92	2009.75	1954.811
IA14	1	E164	1559.823	1541.878	1608.9573	2021.61
KS11	1	E164	2485.974	2526.493	2370.361	1894.709
KS12	1	E164	2543.847	2454.496	2739.92	1833.116
PR11	1	E164	1583.576	1528.84	1569.8172	2028.133
PR12	1	E164	1516.533	1561.866	1533.6857	2034.155
PR14S	1	E164	2051.904	2103.761	1906.125	1972.082
IA13	1	E165	1871.551	1884.239	1869.1183	1901.875
IA14	1	E165	1448.961	1431.19	1594.5679	1947.634
KS11	1	E165	2459.832	2500.188	2299.3491	1830.17
KS12	1	E165	2423.115	2339.955	2786.79	1748.93
PR11	1	E165	1513.52	1461.129	1444.95	1972.57
PR12	1	E165	1404.417	1456.798	1502.5346	1962.973
PR14S	1	E165	2000.31	2054.651	1783.06	1916.218
IA13	1	E166	1823.273	1829.159	1757.38	1837.637
IA14	1	E166	1645.631	1635.331	1594.5679	1864.772
KS11	1	E166	2046.822	2066.093	2108.46	1779.124
KS12	1	E166	2179.531	2128.286	2158.28	1770.82
PR11	1	E166	1617.572	1584.377	1684.67	1849.755
PR12	1	E166	1596.9	1617.462	1627.83	1859.229
PR14S	1	E166	1861.385	1887.349	1852.0133	1821.865
IA13	1	E167	1813.928	1820.749	1832.6172	1830.25
IA14	1	E167	1626.707	1619.02	1566.7485	1874.562
KS11	1	E167	2086.02	2102.864	2139.38	1779.123
KS12	1	E167	2192.102	2132.991	2240.42	1762.283
PR11	1	E167	1582.473	1547.19	1703.37	1851.791
PR12	1	E167	1575.471	1602.4	1595.6419	1869.746
PR14S	1	E167	1891.766	1921.386	1735.94	1846.363
IA13	1	E168	1692.388	1697.681	1821.1993	1705.135
IA14	1	E168	1534.781	1525.454	1594.3281	1742.947
KS11	1	E168	1976.247	1998.065	1851.62	1700.065
KS12	1	E168	1972.503	1935.927	2066.31	1664.283
PR11	1	E168	1577.506	1556.146	1488.0238	1760.664
PR12	1	E168	1535.039	1553.279	1512.9183	1756.515
PR14S	1	E168	1757.307	1780.061	1717.61	1722.4
IA13	1	E169	1818.206	1827.577	1821.1993	1841.038
IA14	1	E169	1522.207	1504.063	1552.1193	1885.885
KS11	1	E169	2285.638	2327.367	2094.17	1795.543
KS12	1	E169	2309.247	2245.261	2442.3494	1737.513
PR11	1	E169	1556.416	1511.627	1478.1454	1898.214
PR12	1	E169	1488.653	1520.014	1492.1509	1895.879
PR14S	1	E169	1875.432	1915.598	1987.2926	1813.356
IA13	1	E17	2358.745	2378.234	2218.27	2407.455
IA14	1	E17	1698.538	1643.467	1786.67	2479.388
KS11	1	E17	3142.641	3232.307	3307.95	2225.842
KS12	1	E17	3792.886	3612.244	3317.58	2224.237
PR11	1	E17	1784.265	1672.507	1593.9205	2511.513
PR12	1	E17	1675.683	1722.734	1544.0694	2519.822
PR14S	1	E17	2426.395	2514.167	2894.54	2294.743
IA13	1	E170	2018.259	2030.802	1939.6573	2048.682
IA14	1	E170	1626.931	1605.926	1608.9573	2103.799
KS11	1	E170	2745.538	2811.154	2148.83	2013.82
KS12	1	E170	2536.301	2470.206	2948.98	1880.462
PR11	1	E170	1642.121	1582.382	1593.9205	2106.305
PR12	1	E170	1583.008	1625.757	1533.6857	2116.344
PR14S	1	E170	2044.009	2095.01	2457.72	1962.338
IA13	1	E171	1761.114	1769.283	1736.77	1780.547
IA14	1	E171	1502.055	1492.935	1538.9291	1813.52
KS11	1	E171	2117.46	2139.389	2066.75	1725.55
KS12	1	E171	2122.221	2063.886	2335.45	1680.767
PR11	1	E171	1501.453	1465.005	1558.7533	1810.216
PR12	1	E171	1461.917	1496.584	1512.9183	1817.855
PR14S	1	E171	1845.681	1880.491	1670.48	1791.595
IA13	1	E172	1752.14	1755.787	1776.9527	1760.859
IA14	1	E172	1674.827	1671.99	1566.7485	1795.893
KS11	1	E172	1937.537	1950.826	1853.33	1748.13
KS12	1	E172	1945.079	1915.589	1991.47	1725.107
PR11	1	E172	1614.466	1593.054	1740.52	1766.932
PR12	1	E172	1645.308	1658.114	1595.988	1791.02
PR14S	1	E172	1777.851	1792.69	1817.1	1754.168
IA13	1	E173	2076.263	2094.165	1996.09	2120.382
IA14	1	E173	1500.095	1459.151	1525.2592	2198.853
KS11	1	E173	2754.765	2820.196	3016.26	1950.353
KS12	1	E173	3273.449	3113.355	3044.89	1945.582
PR11	1	E173	1539.922	1443.635	1454.83	2210.592
PR12	1	E173	1400.552	1456.954	1492.1509	2204.372
PR14S	1	E173	2209.398	2290.455	2188.9	2088.247
IA13	1	E174	1774.29	1781.439	1762.5261	1791.97
IA14	1	E174	1557.907	1541.292	1525.499	1831.474
KS11	1	E174	2064.331	2093.585	2123.42	1731.821
KS12	1	E174	2280.47	2213.722	2144.29	1728.342
PR11	1	E174	1551.484	1510.196	1558.7533	1825.932
PR12	1	E174	1529.457	1549.12	1491.1125	1837.205
PR14S	1	E174	1815.664	1847.541	1908.7433	1767.6
IA13	1	E175	2290.858	2311.111	2198.52	2341.231
IA14	1	E175	1594.46	1539.224	1766.04	2413.311
KS11	1	E175	3100.675	3188.194	3294.92	2158.498
KS12	1	E175	3748.286	3561.372	3317.58	2154.721
PR11	1	E175	1711.904	1600.751	1488.0238	2459.647
PR12	1	E175	1590.973	1642.787	1459.9614	2464.324
PR14S	1	E175	2390.922	2482.142	2720.86	2254.174
IA13	1	E176	1827.799	1836.491	1783.1279	1849.049
IA14	1	E176	1537.19	1519.047	1594.5679	1880.476
KS11	1	E176	2212.459	2247.382	2164.78	1785.441
KS12	1	E176	2331.619	2263.393	2356.4452	1753.496
PR11	1	E176	1569.983	1526.304	1523.5862	1892.306
PR12	1	E176	1520.238	1548.135	1502.5346	1895.815
PR14S	1	E176	1878.832	1916.683	1952.3818	1820.84
IA13	1	E177	2130.607	2149.466	2064.39	2176.537
IA14	1	E177	1525.904	1490.123	1579.9387	2257.279
KS11	1	E177	2897.185	2961.528	2997.91	2020.95
KS12	1	E177	3232.457	3078.367	3269.24	1975.728
PR11	1	E177	1561.424	1466.845	1523.5862	2266.671
PR12	1	E177	1426.044	1492.533	1533.6857	2264.987
PR14S	1	E177	2288.054	2371.591	2154.86	2161.458
IA13	1	E178	1714.172	1719.751	1725.13	1727.551
IA14	1	E178	1549.743	1542.438	1538.9291	1758.584
KS11	1	E178	1971.379	1989.702	1912.21	1696.371
KS12	1	E178	2002.297	1958.773	2081.77	1668.111
PR11	1	E178	1534.227	1506.569	1593.9205	1749.419
PR12	1	E178	1532.088	1552.548	1502.5346	1764.65
PR14S	1	E178	1762.52	1786.098	1735.94	1725.749
IA13	1	E179	1679.071	1683.16	1708.33	1688.506
IA14	1	E179	1597.494	1599.253	1474.177	1727.531
KS11	1	E179	1847.119	1851.016	1853.33	1664.339
KS12	1	E179	1859.051	1822.53	1963.74	1645.937
PR11	1	E179	1503.959	1481.59	1740.52	1683.141
PR12	1	E179	1554.136	1573.676	1532.6474	1717.786
PR14S	1	E179	1738.704	1755.335	1566.62	1712.124
IA13	1	E18	1664.593	1669.009	1610.03	1675.556
IA14	1	E18	1542.523	1533.009	1450.9142	1702.076
KS11	1	E18	1864.551	1886.242	1823.09	1640.046
KS12	1	E18	1944.922	1909.495	1911.92	1625.241
PR11	1	E18	1510.998	1483.628	1546.8992	1686.078
PR12	1	E18	1496.519	1509.185	1502.5346	1693.472
PR14S	1	E18	1670.378	1689.571	1817.98	1640.898
IA13	1	E180	2027.511	2044.216	2051.62	2068.686
IA14	1	E180	1510.655	1472.323	1512.0689	2158.611
KS11	1	E180	2697.361	2761.764	2871.91	1931.971
KS12	1	E180	3161.302	3012.502	2940.96	1920.462
PR11	1	E180	1548.173	1458.887	1444.95	2169.797
PR12	1	E180	1423.768	1474.755	1470.3451	2165.565
PR14S	1	E180	2161.416	2236.848	2171.88	2048.642
IA13	1	E181	1692.21	1697.268	1734.31	1704.258
IA14	1	E181	1528.635	1521.806	1594.5679	1727.549
KS11	1	E181	1932.091	1947.648	1867.06	1682.133
KS12	1	E181	1927.558	1891.805	2052.08	1651.297
PR11	1	E181	1554.496	1533.786	1534.65	1737.535
PR12	1	E181	1525.782	1545.806	1523.302	1739.426
PR14S	1	E181	1751.05	1772.599	1653.89	1717.662
IA13	1	E182	1665.495	1669.368	1717.29	1675.075
IA14	1	E182	1562.147	1553.161	1525.499	1707.041
KS11	1	E182	1860.653	1880.361	1803.12	1660.77
KS12	1	E182	1911.972	1883.426	1904.31	1643.905
PR11	1	E182	1570.122	1550.147	1511.3369	1709.401
PR12	1	E182	1527.11	1538.661	1554.107	1702.273
PR14S	1	E182	1695.199	1712.436	1752.08	1669.277
IA13	1	E183	1637.447	1642.757	1725.13	1650.125
IA14	1	E183	1501.055	1495.07	1461.946	1693.989
KS11	1	E183	1882.304	1897.935	1853.33	1628.758
KS12	1	E183	1909.858	1869.871	2004.98	1603.483
PR11	1	E183	1487.142	1462.871	1511.3369	1685.757
PR12	1	E183	1453.046	1474.876	1502.5346	1687.224
PR14S	1	E183	1711.798	1734.9	1566.62	1676.543
IA13	1	E184	1649.928	1653.541	1691.09	1658.253
IA14	1	E184	1565.312	1566.071	1512.0689	1688.09
KS11	1	E184	1817.151	1822.362	1772.59	1644.67
KS12	1	E184	1791.926	1763.141	1919.48	1620.188
PR11	1	E184	1512.347	1495.086	1665.84	1662.461
PR12	1	E184	1546.461	1563.406	1512.9183	1687.948
PR14S	1	E184	1702.354	1716.862	1566.62	1678.998
IA13	1	E185	1683.157	1689.784	1771.4834	1698.819
IA14	1	E185	1493.703	1487.536	1512.0689	1742.055
KS11	1	E185	1981.921	1997.828	1949.3	1669.183
KS12	1	E185	2002.161	1950.589	2147.68	1636.119
PR11	1	E185	1486.344	1457.509	1546.8992	1736.25
PR12	1	E185	1471.182	1498.893	1470.3451	1749.009
PR14S	1	E185	1776.686	1804.945	1566.62	1732.963
IA13	1	E186	2079.264	2096.379	1981.08	2121.78
IA14	1	E186	1502.753	1457.767	1594.3281	2186.239
KS11	1	E186	2692.858	2757.958	3055.81	1942.659
KS12	1	E186	3337.29	3171.902	2916.61	1965.859
PR11	1	E186	1571.867	1476.34	1442.19	2211.595
PR12	1	E186	1452.613	1500.031	1449.9238	2210.306
PR14S	1	E186	2189.653	2268.025	2271.82	2073.324
IA13	1	E187	1882.138	1893.785	1925.1016	1910.264
IA14	1	E187	1526.428	1507.52	1552.1193	1972.428
KS11	1	E187	2405.598	2445.776	2340.1851	1841.083
KS12	1	E187	2519.827	2428.703	2631.87	1792.469
PR11	1	E187	1537.579	1481.429	1546.8992	1973.298
PR12	1	E187	1484.179	1525.924	1481.7672	1984.153
PR14S	1	E187	1990.377	2040.778	1908.7433	1912.99
IA13	1	E188	1816.057	1821.468	1832.3932	1829.416
IA14	1	E188	1675.47	1664.269	1579.9387	1871.492
KS11	1	E188	2054.853	2078.521	2051.32	1792.929
KS12	1	E188	2197.349	2147.407	2102.77	1784.354
PR11	1	E188	1638.647	1605.62	1692.7	1852.699
PR12	1	E188	1639.378	1654.02	1595.6419	1868.875
PR14S	1	E188	1845.233	1868.946	1954.1274	1809.127
IA13	1	E189	1733.804	1740.828	1866.8457	1750.357
IA14	1	E189	1561.766	1557.051	1498.6389	1811.725
KS11	1	E189	2054.624	2070.74	2020.79	1724.7
KS12	1	E189	2102.428	2041.948	2206.86	1693.688
PR11	1	E189	1505.773	1471.647	1668.03	1783.493
PR12	1	E189	1534.855	1562.903	1471.3834	1816.267
PR14S	1	E189	1834.799	1864.333	1636.44	1788.758
IA13	1	E19	2202.943	2223.452	1953.7651	2253.701
IA14	1	E19	1495.796	1445.242	1601.2829	2312.448
KS11	1	E19	2958.211	3036.159	3272.34	2033.939
KS12	1	E19	3585.108	3400.403	3275.3	2033.446
PR11	1	E19	1565.652	1452.942	1454.83	2336.857
PR12	1	E19	1417.782	1479.208	1470.3451	2334.271
PR14S	1	E19	2310.229	2402.884	2448.11	2171.311
IA13	1	E190	1755.672	1762.257	1953.0933	1771.371
IA14	1	E190	1604.914	1597.703	1538.9291	1840.398
KS11	1	E190	2086.071	2107.283	2004.62	1762.783
KS12	1	E190	2138.008	2082.462	2192.9	1731.403
PR11	1	E190	1572.15	1540.337	1642.9175	1823.067
PR12	1	E190	1579.882	1603.304	1512.9183	1844.733
PR14S	1	E190	1850.783	1878.813	1735.94	1807.563
IA13	1	E191	2263.236	2281.681	2037.06	2309.48
IA14	1	E191	1631.384	1578.098	1681.86	2368.68
KS11	1	E191	2975.519	3060.626	3190.45	2117.249
KS12	1	E191	3662.894	3484.789	3117.87	2129.346
PR11	1	E191	1682.791	1571.587	1581.6713	2385.379
PR12	1	E191	1616.944	1658.732	1438.5017	2409.24
PR14S	1	E191	2299.247	2382.217	2846.53	2174.569
IA13	1	E192	1792.448	1800.86	1896.4382	1812.874
IA14	1	E192	1544.521	1528.929	1565.3095	1868.062
KS11	1	E192	2166.98	2196.993	2164.78	1768.151
KS12	1	E192	2315.636	2243.843	2302.07	1745.269
PR11	1	E192	1561.86	1520.578	1535.8354	1872.975
PR12	1	E192	1523.498	1551.066	1492.1509	1880.256
PR14S	1	E192	1882.207	1919.214	1817.1	1826.097
IA13	1	E193	1724.115	1729.847	1869.1183	1737.566
IA14	1	E193	1558.693	1553.652	1623.3466	1778.528
KS11	1	E193	2020.445	2036.089	1901.96	1732.092
KS12	1	E193	1976.809	1936.287	2158.28	1689.372
PR11	1	E193	1578.274	1556.733	1582.0664	1785.408
PR12	1	E193	1565.079	1588.768	1523.302	1795.202
PR14S	1	E193	1813.769	1837.702	1636.44	1776.346
IA13	1	E194	1844.599	1854.141	1938.9855	1867.586
IA14	1	E194	1553.575	1538.086	1608.9573	1922.591
KS11	1	E194	2292.857	2326.371	2202.1973	1823.717
KS12	1	E194	2384.903	2307.256	2454.9355	1781.594
PR11	1	E194	1571.025	1525.593	1582.0664	1927.072
PR12	1	E194	1557.438	1589.475	1459.9614	1947.423
PR14S	1	E194	1937.549	1978.353	1897.3973	1874.517
IA13	1	E195	1731.48	1738.809	1869.1183	1749.335
IA14	1	E195	1512.493	1497.31	1565.3095	1799.97
KS11	1	E195	2097.216	2128.523	2000.15	1727.496
KS12	1	E195	2171.319	2115.393	2203.48	1693.608
PR11	1	E195	1561.891	1528.784	1444.95	1820.029
PR12	1	E195	1501.456	1524.654	1480.7288	1814.066
PR14S	1	E195	1809.375	1841.526	1801.39	1760.623
IA13	1	E196	1661.886	1666.079	1794.3246	1672.001
IA14	1	E196	1559.678	1553	1538.9291	1714.567
KS11	1	E196	1886.296	1903.589	1801.77	1670.76
KS12	1	E196	1907.464	1875.607	1945.55	1646.797
PR11	1	E196	1563.923	1544.765	1535.8354	1715.083
PR12	1	E196	1541.953	1555.97	1523.302	1717.172
PR14S	1	E196	1717.6	1735.711	1686.62	1689.952
IA13	1	E197	1697.67	1703.886	1754.69	1712.385
IA14	1	E197	1523.456	1517.865	1512.0689	1752.822
KS11	1	E197	1972.361	1987.391	1949.3	1679.95
KS12	1	E197	1978.559	1933.584	2144.29	1647.452
PR11	1	E197	1511.636	1484.694	1557.9631	1745.173
PR12	1	E197	1472.547	1500.27	1544.0694	1747.489
PR14S	1	E197	1784.947	1811.748	1566.62	1743.73
IA13	1	E198	1959.267	1971.828	1981.98	1989.661
IA14	1	E198	1562.362	1540.668	1623.3466	2049.433
KS11	1	E198	2568.306	2618.07	2359.8909	1926.675
KS12	1	E198	2596.177	2508.687	2809.28	1851.777
PR11	1	E198	1604.221	1546.105	1535.4403	2064.084
PR12	1	E198	1520.948	1565.757	1533.6857	2064.376
PR14S	1	E198	2057.122	2110.935	2076.32	1973.937
IA13	1	E199	1802.178	1810.864	1896.4382	1823.02
IA14	1	E199	1523.216	1509.303	1634.3785	1866.696
KS11	1	E199	2145.096	2166.507	2254.3345	1763.37
KS12	1	E199	2323.94	2245.206	2329.85	1750.784
PR11	1	E199	1558.129	1518.57	1557.9631	1879.432
PR12	1	E199	1527.207	1558.777	1491.1125	1890.574
PR14S	1	E199	1918.763	1957.153	1670.48	1860.679
IA13	1	E20	1963.569	1978.26	1843.5899	2000.029
IA14	1	E20	1492.929	1456.71	1463.1451	2063.437
KS11	1	E20	2560.654	2624.267	2647.95	1865.969
KS12	1	E20	2950.236	2823.895	2753.43	1848.389
PR11	1	E20	1515.699	1433.216	1432.31	2068.576
PR12	1	E20	1407.577	1450.053	1448.5393	2065.871
PR14S	1	E20	2030.624	2096.518	2254.8	1931.494
IA13	1	E200	1577.805	1581.601	1589.37	1586.661
IA14	1	E200	1487.363	1487.015	1414.22	1615.852
KS11	1	E200	1778.892	1789.607	1650.17	1576.527
KS12	1	E200	1693.28	1671.713	1887.86	1536.912
PR11	1	E200	1442.047	1424.621	1546.8992	1593.739
PR12	1	E200	1443.926	1462.187	1470.3451	1606.498
PR14S	1	E200	1617.7	1632.892	1550.47	1593.144
IA13	1	E201	2042.84	2059.271	1939.2094	2083.371
IA14	1	E201	1501.65	1463.229	1552.1193	2147.886
KS11	1	E201	2739.237	2808.669	2751.35	1948.014
KS12	1	E201	3068.324	2935.555	2990.34	1908.183
PR11	1	E201	1562.789	1476.683	1419.67	2169.961
PR12	1	E201	1426.248	1476.967	1481.7672	2159.611
PR14S	1	E201	2132.904	2205.983	2304.98	2022.409
IA13	1	E202	2267.612	2288.716	2249.58	2319.633
IA14	1	E202	1553.756	1502.229	1754.53	2402.141
KS11	1	E202	3195.171	3286.381	3156.07	2168.551
KS12	1	E202	3634.37	3457.429	3467.31	2116.678
PR11	1	E202	1684.248	1576.29	1442.19	2454.198
PR12	1	E202	1553.59	1613.3	1428.118	2456.543
PR14S	1	E202	2391.006	2484.242	2669.58	2249.633
IA13	1	E203	1727.15	1734.22	1770.1398	1743.676
IA14	1	E203	1524.66	1521.205	1525.499	1784.45
KS11	1	E203	2102.995	2123.555	1869.43	1727.128
KS12	1	E203	1962.439	1920.225	2293.61	1656.431
PR11	1	E203	1500.988	1471.712	1606.1698	1771.005
PR12	1	E203	1502.092	1533.667	1480.7288	1791.911
PR14S	1	E203	1803.344	1831.742	1686.62	1757.596
IA13	1	E204	1829.856	1839.322	1856.802	1853.093
IA14	1	E204	1531.212	1510.242	1565.3095	1901.676
KS11	1	E204	2206.182	2240.415	2315.0187	1776.724
KS12	1	E204	2460.735	2376.261	2356.4452	1769.82
PR11	1	E204	1562.357	1513.426	1500.2731	1912.515
PR12	1	E204	1493.127	1522.944	1512.9183	1910.407
PR14S	1	E204	1914.985	1957.673	1868.596	1851.128
IA13	1	E205	1896.203	1905.494	1910.9938	1918.496
IA14	1	E205	1625.026	1612.91	1594.5679	1971.234
KS11	1	E205	2354.379	2388.546	2166.87	1875.85
KS12	1	E205	2370.629	2299.419	2512.8894	1818.18
PR11	1	E205	1588.936	1541.583	1714.44	1951.255
PR12	1	E205	1614.52	1646.527	1492.1509	1988.303
PR14S	1	E205	1959.418	1997.843	2030.0583	1898.652
IA13	1	E206	1689.335	1696.619	1734.09	1706.851
IA14	1	E206	1451.319	1439.337	1538.6892	1739.418
KS11	1	E206	2015.766	2039.206	1980.83	1665.727
KS12	1	E206	2061.382	2007.919	2182.49	1632.117
PR11	1	E206	1495.802	1464.81	1432.31	1757.147
PR12	1	E206	1432.139	1460.142	1470.3451	1750.808
PR14S	1	E206	1771.668	1803.479	1636.44	1723.126
IA13	1	E207	1663.544	1669.221	1635.11	1677.329
IA14	1	E207	1489.161	1479.521	1474.177	1704.151
KS11	1	E207	1919.145	1940.657	1870.43	1638.109
KS12	1	E207	1958.194	1917.382	2034.67	1610.735
PR11	1	E207	1488.566	1460.349	1488.0238	1701.843
PR12	1	E207	1446.821	1467.741	1492.1509	1701.155
PR14S	1	E207	1703.586	1728.206	1704.52	1665.76
IA13	1	E208	1648.462	1653.917	1663.1	1661.407
IA14	1	E208	1491.5	1486.405	1475.3761	1692.694
KS11	1	E208	1942.408	1962.542	1753.29	1646.375
KS12	1	E208	1845.794	1815.444	2076.19	1592.558
PR11	1	E208	1482.659	1459.151	1511.3369	1686.701
PR12	1	E208	1456.499	1479.648	1481.7672	1691.629
PR14S	1	E208	1695.746	1718.111	1670.48	1660.177
IA13	1	E209	1759.501	1766.729	1721.55	1777.091
IA14	1	E209	1556.761	1545.145	1463.1451	1820.159
KS11	1	E209	2133.397	2167.067	1929.31	1742.465
KS12	1	E209	2126.656	2077.369	2240.42	1690.613
PR11	1	E209	1519.613	1480.419	1580.6873	1800.569
PR12	1	E209	1508.41	1532.328	1481.7672	1817.055
PR14S	1	E209	1783.604	1813.713	1967.2189	1736.147
IA13	1	E21	1693.642	1699.317	1608.01	1707.607
IA14	1	E21	1514.984	1503.345	1475.3761	1729.712
KS11	1	E21	1883.751	1901.794	2015.78	1639.645
KS12	1	E21	2047.218	1998.572	2007.83	1640.97
PR11	1	E21	1506.352	1475.06	1511.3369	1723.719
PR12	1	E21	1442.058	1463.043	1564.8369	1714.802
PR14S	1	E21	1735.903	1761.951	1670.48	1697.195
IA13	1	E210	1948.619	1959.014	1990.33	1973.637
IA14	1	E210	1636.478	1621.06	1645.4103	2031.124
KS11	1	E210	2407.342	2440.566	2370.9783	1910.196
KS12	1	E210	2557.195	2465.709	2580.29	1875.311
PR11	1	E210	1610.558	1556.714	1740.12	2015.339
PR12	1	E210	1639.76	1674.198	1491.1125	2056.84
PR14S	1	E210	2038.324	2082.499	2013.9121	1969.707
IA13	1	E211	1914.09	1928.02	2064.39	1948.045
IA14	1	E211	1537.83	1512.591	1426.45	2054.368
KS11	1	E211	2568.276	2624.522	2462.17	1881.748
KS12	1	E211	2753.285	2642.853	2782.39	1828.378
PR11	1	E211	1521.581	1450.204	1500.2731	2042.064
PR12	1	E211	1437.83	1484.208	1470.3451	2047.052
PR14S	1	E211	2043.814	2104.874	2046.64	1951.003
IA13	1	E212	1563.13	1567	1622.56	1572.231
IA14	1	E212	1468.426	1466.279	1426.45	1604.916
KS11	1	E212	1754.09	1764.358	1686.97	1561.496
KS12	1	E212	1724.27	1697.943	1856.17	1533.296
PR11	1	E212	1444.121	1427.054	1501.4585	1592.415
PR12	1	E212	1432.597	1450.036	1460.3075	1599.273
PR14S	1	E212	1617.685	1633.912	1502.03	1592.319
IA13	1	E213	1579.506	1581.978	1682.13	1585.432
IA14	1	E213	1527.162	1523.893	1501.0371	1615.614
KS11	1	E213	1712.676	1722.021	1667.98	1587.79
KS12	1	E213	1722.269	1703.614	1752.7	1573.67
PR11	1	E213	1525.201	1514.332	1511.3369	1613.898
PR12	1	E213	1508.318	1517.337	1512.9183	1613.634
PR14S	1	E213	1621.003	1631.776	1566.62	1604.684
IA13	1	E214	1790.782	1798.212	1832.6172	1808.438
IA14	1	E214	1555.935	1547.091	1623.3466	1843.316
KS11	1	E214	2158.139	2182.066	2008.18	1779.177
KS12	1	E214	2101.998	2054.056	2342.75	1723.416
PR11	1	E214	1581.325	1550.953	1569.8172	1852.238
PR12	1	E214	1537.651	1568.272	1554.4531	1854.798
PR14S	1	E214	1870.716	1901.966	1752.08	1821.861
IA13	1	E215	1930.679	1942.019	1953.3172	1957.236
IA14	1	E215	1585.477	1578.653	1634.3785	2010.392
KS11	1	E215	2516.62	2549.028	2176.41	1920.054
KS12	1	E215	2295.206	2229.779	2841.63	1809.184
PR11	1	E215	1574.104	1528.715	1690.73	2001.001
PR12	1	E215	1545.666	1597.376	1564.8369	2021.983
PR14S	1	E215	2050.6	2096.614	1835.4307	1976.884
IA13	1	E217	1710.252	1716.31	1821.1993	1724.71
IA14	1	E217	1565.263	1558.989	1487.607	1780.309
KS11	1	E217	2021.145	2042.394	1898.68	1711.796
KS12	1	E217	2006.806	1964.2	2144.32	1670.856
PR11	1	E217	1535.472	1507.011	1582.0664	1764.565
PR12	1	E217	1512.305	1536.27	1533.6857	1772.629
PR14S	1	E217	1784.408	1810.086	1701.9	1744.593
IA13	1	E218	1992.42	2007.469	1854.4426	2029.342
IA14	1	E218	1472.407	1439.049	1594.3281	2072.694
KS11	1	E218	2598.363	2654.947	2676.47	1892.337
KS12	1	E218	2906.114	2781.683	2862.93	1861.26
PR11	1	E218	1538.903	1461.956	1444.95	2097.59
PR12	1	E218	1430.55	1479.189	1459.9614	2095.088
PR14S	1	E218	2083.366	2150.115	2137.41	1982.18
IA13	1	E219	1909.167	1918.009	1851.8376	1930.834
IA14	1	E219	1654.326	1637.82	1552.1193	1980.787
KS11	1	E219	2259.24	2291.091	2330.6883	1851.025
KS12	1	E219	2500.069	2416.595	2377.9454	1843.149
PR11	1	E219	1595.464	1542.383	1733.54	1950.55
PR12	1	E219	1607.652	1634.275	1544.0694	1982.128
PR14S	1	E219	1957.45	1996.087	2046.64	1898.367
IA13	1	E22	2168.398	2187.721	2025.62	2215.512
IA14	1	E22	1556.521	1520.594	1538.6892	2296.667
KS11	1	E22	2874.966	2933.597	3184.99	2022.283
KS12	1	E22	3380.58	3205.502	3246.84	2011.975
PR11	1	E22	1529.953	1425.482	1654.7716	2277.32
PR12	1	E22	1448.214	1514.879	1512.9183	2300.962
PR14S	1	E22	2324.098	2410.213	2154.86	2193.972
IA13	1	E220	1877.528	1885.408	1953.3172	1896.804
IA14	1	E220	1638.792	1622.152	1663.64	1945.083
KS11	1	E220	2261.38	2296.142	2160.46	1862.28
KS12	1	E220	2391.975	2323.591	2334.95	1833.198
PR11	1	E220	1652.639	1611.063	1642.9175	1948.537
PR12	1	E220	1658.958	1679.743	1502.5346	1971.934
PR14S	1	E220	1928.353	1962.083	2076.32	1876.303
IA13	1	E221	1908.367	1924.599	1981.98	1947.392
IA14	1	E221	1442.87	1420.525	1382.09	2047.373
KS11	1	E221	2739.979	2804.218	2343.0104	1887.22
KS12	1	E221	2638.813	2537.525	3086.73	1763.267
PR11	1	E221	1441.629	1367.704	1419.67	2041.11
PR12	1	E221	1321.753	1385.232	1438.5017	2037.971
PR14S	1	E221	2048.999	2117.754	2014.3484	1941.997
IA13	1	E222	1845.877	1859.858	1773.7227	1879.754
IA14	1	E222	1430.828	1408.972	1342.51	1951.623
KS11	1	E222	2494.607	2548.437	2313.0956	1789.858
KS12	1	E222	2541.094	2444.148	2782.63	1711.603
PR11	1	E222	1404.438	1334.381	1444.95	1934.549
PR12	1	E222	1311.255	1363.838	1428.118	1937.355
PR14S	1	E222	1940.358	2000.438	1967.2189	1847.504
IA13	1	E223	1755.602	1762.237	1723.05	1771.51
IA14	1	E223	1577.553	1570.578	1474.177	1812.989
KS11	1	E223	2073.288	2096.781	1949.96	1733.692
KS12	1	E223	2043.402	2000.43	2229.57	1687.09
PR11	1	E223	1530.049	1496.63	1618.8141	1788.883
PR12	1	E223	1497.921	1525.548	1575.2206	1796.149
PR14S	1	E223	1805.565	1833.531	1781.32	1761.799
IA13	1	E224	1717.253	1724.182	1762.5261	1734.317
IA14	1	E224	1517.107	1501.795	1485.2088	1780.537
KS11	1	E224	2077.051	2112.512	1920	1708.072
KS12	1	E224	2133.028	2082.686	2151.57	1669.477
PR11	1	E224	1529.82	1493.844	1464.7108	1783.953
PR12	1	E224	1486.287	1506.209	1459.9614	1784.745
PR14S	1	E224	1753.265	1783.173	1924.4532	1707.33
IA13	1	E225	1818.687	1828.533	1820.0769	1842.123
IA14	1	E225	1501.837	1489.999	1579.9387	1882.146
KS11	1	E225	2294.854	2326.542	2108.46	1794.059
KS12	1	E225	2235.99	2170.645	2534.6795	1723.023
PR11	1	E225	1521.943	1479.588	1546.5041	1887.719
PR12	1	E225	1481.005	1520.86	1481.7672	1898.508
PR14S	1	E225	1909.96	1951.176	1801.39	1845.238
IA13	1	E226	1870.206	1878.281	1966.98	1889.465
IA14	1	E226	1640.104	1630.397	1645.4103	1943.06
KS11	1	E226	2301.898	2332.405	2066.75	1872.836
KS12	1	E226	2259.209	2201.3	2441.4073	1810.394
PR11	1	E226	1629.348	1591.782	1692.7	1935.178
PR12	1	E226	1644.267	1672.708	1523.302	1963.411
PR14S	1	E226	1941.943	1975.04	1967.2189	1889.425
IA13	1	E227	1769.206	1776.679	1782.6801	1787.175
IA14	1	E227	1565.986	1556.62	1485.2088	1836.754
KS11	1	E227	2121.167	2147.431	2022	1747.289
KS12	1	E227	2151.216	2095.047	2267.01	1706.454
PR11	1	E227	1523.248	1484.771	1618.8141	1814.486
PR12	1	E227	1512.115	1540.031	1512.9183	1832.136
PR14S	1	E227	1830.731	1862.376	1817.1	1781.439
IA13	1	E229	1963.656	1973.679	2036.4	1988.842
IA14	1	E229	1657.201	1627.082	1654.52	2052.489
KS11	1	E229	2316.889	2358.52	2613.76	1892.616
KS12	1	E229	2817.034	2711.348	2396.8849	1928.762
PR11	1	E229	1699.927	1641.487	1558.42	2068.506
PR12	1	E229	1609.376	1633.057	1617.45	2058.667
PR14S	1	E229	2048.294	2095.663	2092.02	1979.572
IA13	1	E23	1899.37	1909.396	1924.2301	1924.081
IA14	1	E23	1570.926	1546.679	1645.4103	1970.551
KS11	1	E23	2329.727	2371.523	2354.6914	1852.338
KS12	1	E23	2557.042	2472.532	2469.9857	1833.122
PR11	1	E23	1631.618	1580.939	1500.2731	1994.741
PR12	1	E23	1548.447	1578.125	1544.0694	1987.441
PR14S	1	E23	1973.886	2018.768	2030.0583	1906.443
IA13	1	E230	1555.464	1559.579	1682.13	1565.138
IA14	1	E230	1452.915	1449.717	1450.9142	1603.674
KS11	1	E230	1841.652	1861.41	1548.96	1587.333
KS12	1	E230	1669.684	1654.976	1932.05	1523.484
PR11	1	E230	1467.549	1453.876	1418.87	1609.014
PR12	1	E230	1433.946	1451.508	1438.5017	1605.742
PR14S	1	E230	1604.895	1621.196	1601.53	1578.571
IA13	1	E231	2310.718	2327.553	2172.79	2353.771
IA14	1	E231	1719.13	1657.207	1819.28	2412.689
KS11	1	E231	3060.408	3164.71	3032.83	2210.431
KS12	1	E231	3697.398	3542.275	3050.9	2207.419
PR11	1	E231	1861.327	1758.461	1464.7108	2471.784
PR12	1	E231	1742.569	1767.687	1502.5346	2465.48
PR14S	1	E231	2287.763	2364.047	3252.37	2173.841
IA13	1	E232	2026.895	2042.068	2197.63	2063.923
IA14	1	E232	1552.593	1520.515	1672.75	2151.403
KS11	1	E232	2785.787	2853.122	2538.12	2007.175
KS12	1	E232	2924.995	2809.435	2990.34	1931.805
PR11	1	E232	1643.72	1572.248	1454.83	2187.723
PR12	1	E232	1554.293	1600.214	1439.5401	2190.272
PR14S	1	E232	2149.465	2215.133	2287.96	2048.868
IA13	1	E233	1654.409	1658.36	1725.13	1664.068
IA14	1	E233	1559.413	1552.198	1498.6389	1701.817
KS11	1	E233	1831.553	1846.821	1838.9	1645.107
KS12	1	E233	1933.882	1896.477	1872.62	1639.487
PR11	1	E233	1536.553	1514.054	1569.8172	1689.954
PR12	1	E233	1536.249	1547.746	1502.5346	1701.168
PR14S	1	E233	1694.268	1711.676	1701.9	1667.94
IA13	1	E234	1632.921	1636.973	1682.13	1642.552
IA14	1	E234	1511.233	1506.41	1538.9291	1666.419
KS11	1	E234	1837.126	1850.414	1754.43	1630.502
KS12	1	E234	1826.647	1796.921	1919.48	1602.994
PR11	1	E234	1516.055	1498.293	1534.65	1667.132
PR12	1	E234	1514.878	1529.999	1471.3834	1677.677
PR14S	1	E234	1676.666	1693.529	1636.44	1650.167
IA13	1	E235	1747.436	1755.524	1870.9098	1767.528
IA14	1	E235	1497.596	1475.458	1552.1193	1820.659
KS11	1	E235	1961.98	1982.509	2423.59	1675.414
KS12	1	E235	2489.962	2389.472	2054.91	1736.861
PR11	1	E235	1531.04	1484.924	1478.1454	1832.988
PR12	1	E235	1484.056	1504.926	1459.9614	1836.019
PR14S	1	E235	1862.486	1901.602	1636.44	1806.606
IA13	1	E237	1905.376	1919.667	1820.0769	1940.24
IA14	1	E237	1452.54	1425.414	1450.9142	2001.767
KS11	1	E237	2524.54	2579.11	2476.91	1830.768
KS12	1	E237	2712.516	2601.643	2786.79	1779.122
PR11	1	E237	1463.444	1390.183	1452.07	2001.575
PR12	1	E237	1373.466	1422.59	1428.118	2005.567
PR14S	1	E237	1997.965	2060.388	2046.64	1902.48
IA13	1	E238	1896.896	1906.533	1896.4382	1920.151
IA14	1	E238	1591.564	1575.975	1634.3785	1963.827
KS11	1	E238	2388.846	2428.811	2145.5	1878.64
KS12	1	E238	2356.899	2292.681	2566.78	1808.427
PR11	1	E238	1613.926	1569.074	1593.9205	1970.57
PR12	1	E238	1574.095	1608.038	1533.6857	1980.61
PR14S	1	E238	1958.464	1998.855	2046.64	1895.117
IA13	1	E239	2117.895	2135.278	2009.97	2160.582
IA14	1	E239	1555.925	1518.494	1579.9387	2232.254
KS11	1	E239	2850.048	2919.359	2867.16	2017.717
KS12	1	E239	3189.34	3045.653	3123.64	1974.971
PR11	1	E239	1585.813	1493.582	1535.8354	2239.605
PR12	1	E239	1483.989	1538.692	1492.1509	2246.886
PR14S	1	E239	2217.976	2294.615	2364.77	2101.449
IA13	1	E24	1859.7	1868.506	1808.8803	1881.474
IA14	1	E24	1570.61	1549.288	1594.3281	1917.233
KS11	1	E24	2211.186	2246.876	2286.5896	1801.856
KS12	1	E24	2473.36	2391.65	2315.11	1797.102
PR11	1	E24	1586.364	1536.722	1570.6074	1921.186
PR12	1	E24	1558.467	1582.399	1492.1509	1934.262
PR14S	1	E24	1903.811	1942.973	2030.0583	1844.611
IA13	1	E240	1769.037	1777.027	1885.4654	1788.133
IA14	1	E240	1527.281	1516.012	1594.5679	1836.616
KS11	1	E240	2166.617	2193.984	2031.68	1763.764
KS12	1	E240	2137.325	2085.227	2355.5514	1709.785
PR11	1	E240	1572.201	1540.535	1488.0238	1854.373
PR12	1	E240	1492.841	1525.186	1554.4531	1843.301
PR14S	1	E240	1871.187	1905.639	1704.52	1818.29
IA13	1	E241	2009.719	2025.296	1925.1016	2047.49
IA14	1	E241	1503.087	1475.754	1565.3095	2107.456
KS11	1	E241	2759.615	2823.243	2476.91	1955.522
KS12	1	E241	2802.653	2691.789	3037.64	1862.067
PR11	1	E241	1530.037	1453.649	1525.5618	2114.08
PR12	1	E241	1472.356	1525.441	1407.7	2133.724
PR14S	1	E241	2092.572	2158.476	2271.82	1989.704
IA13	1	E242	1937.814	1952.805	1910.9938	1974.497
IA14	1	E242	1468.126	1437.619	1476.5752	2046.9
KS11	1	E242	2619.96	2682.475	2503.74	1875.706
KS12	1	E242	2804.279	2689.954	2865.32	1815.443
PR11	1	E242	1500.563	1424.533	1419.67	2056.384
PR12	1	E242	1395.219	1444.326	1428.118	2054.976
PR14S	1	E242	2034.126	2099.631	2153.56	1934.07
IA13	1	E243	1673.569	1680.76	1793.8767	1690.716
IA14	1	E243	1497.102	1489.763	1415.42	1753.792
KS11	1	E243	2036.197	2060.489	1904.57	1672.267
KS12	1	E243	2014.871	1965.448	2194.76	1623.902
PR11	1	E243	1467.633	1434.65	1511.3369	1737.806
PR12	1	E243	1428.624	1458.078	1481.7672	1742.734
PR14S	1	E243	1764.33	1794.967	1636.44	1716.955
IA13	1	E244	1690.356	1696.093	1855.9062	1704.322
IA14	1	E244	1548.798	1538.055	1512.0689	1761.629
KS11	1	E244	2003.397	2030.258	1870.43	1701.902
KS12	1	E244	2060.361	2013.501	2050.85	1671.832
PR11	1	E244	1548.221	1519.302	1525.5618	1759.38
PR12	1	E244	1542.468	1558.377	1449.9238	1771.986
PR14S	1	E244	1748.495	1773.031	1817.1	1710.79
IA13	1	E245	1631.046	1635.502	1715.5	1641.451
IA14	1	E245	1530.462	1529.306	1463.1451	1683.51
KS11	1	E245	1844.744	1854.299	1788.19	1629.336
KS12	1	E245	1822.512	1789.343	1963.74	1600.078
PR11	1	E245	1485.644	1465.296	1595.8962	1661.385
PR12	1	E245	1490.21	1510.621	1502.5346	1676.945
PR14S	1	E245	1700.623	1719.189	1535.2	1671.501
IA13	1	E246	2184.687	2200.903	2071.55	2224.536
IA14	1	E246	1675.246	1641.021	1634.3785	2297.398
KS11	1	E246	2781.086	2836.479	3049.92	2061.474
KS12	1	E246	3317.062	3157.734	3005.2	2068.928
PR11	1	E246	1635.536	1540.97	1780.03	2273.123
PR12	1	E246	1628.592	1676.081	1512.9183	2317.641
PR14S	1	E246	2284.719	2356.793	2364.77	2175.666
IA13	1	E247	1791.352	1802.421	1856.802	1817.662
IA14	1	E247	1443.099	1429.934	1538.9291	1870.641
KS11	1	E247	2357.825	2395.693	2079.21	1780.594
KS12	1	E247	2247.613	2177.838	2621.19	1690.264
PR11	1	E247	1478.624	1433.13	1465.501	1882.879
PR12	1	E247	1424.053	1468.794	1418.0804	1890.782
PR14S	1	E247	1902.494	1948.623	1783.06	1829.952
IA13	1	E248	1690.707	1694.829	1797.6757	1700.767
IA14	1	E248	1599.76	1592.512	1525.499	1746.129
KS11	1	E248	1862.908	1876.768	1920	1680.379
KS12	1	E248	1989.194	1949.544	1919.48	1680.466
PR11	1	E248	1577.933	1555.416	1593.9205	1734.726
PR12	1	E248	1556.256	1569.714	1575.2206	1737.843
PR14S	1	E248	1749.718	1768.479	1670.48	1721.966
IA13	1	E25	1717.381	1722.169	1725.13	1728.719
IA14	1	E25	1583.871	1580.055	1552.1193	1757.554
KS11	1	E25	1912.562	1922.651	1929.31	1694.689
KS12	1	E25	1961.258	1920.037	2028.82	1678.104
PR11	1	E25	1546.149	1521.885	1666.63	1738.469
PR12	1	E25	1560.229	1579.856	1543.7233	1758.953
PR14S	1	E25	1772.56	1792.846	1651.71	1740.955
IA13	1	E27	1682.938	1690.884	1620.78	1702.053
IA14	1	E27	1434.176	1423.147	1426.45	1734.442
KS11	1	E27	2067.449	2097.432	1901.96	1655.19
KS12	1	E27	2020.071	1971.116	2254.48	1596.437
PR11	1	E27	1433.686	1396.757	1444.95	1731.358
PR12	1	E27	1376.004	1407.912	1448.5393	1730.76
PR14S	1	E27	1735.354	1768.925	1735.94	1682.86
IA13	1	E28	2191.696	2209.22	1993.48	2235.799
IA14	1	E28	1568.897	1514.421	1701.91	2284.394
KS11	1	E28	2830.52	2910.044	3162.22	2041.009
KS12	1	E28	3562.411	3391.059	2979.69	2071.431
PR11	1	E28	1676.518	1573.78	1444.95	2327.221
PR12	1	E28	1550.6	1590.485	1470.3451	2322.988
PR14S	1	E28	2244.807	2325.325	2655.68	2125.433
IA13	1	E29	1601.486	1605.455	1717.29	1610.874
IA14	1	E29	1543.9	1542.633	1382.09	1666.741
KS11	1	E29	1830.973	1845.821	1686.97	1615.928
KS12	1	E29	1773.438	1748.801	1911.92	1578.436
PR11	1	E29	1478.394	1458.415	1569.8172	1635.453
PR12	1	E29	1471.075	1488.351	1512.9183	1644.936
PR14S	1	E29	1655.956	1672.361	1601.53	1630.168
IA13	1	E30	1678.509	1683.952	1697.14	1691.423
IA14	1	E30	1538.454	1534.368	1463.1451	1730.422
KS11	1	E30	1911.936	1925.078	1901.96	1657.286
KS12	1	E30	1938.811	1896.317	2050.85	1632.471
PR11	1	E30	1490.149	1462.954	1607.7503	1706.321
PR12	1	E30	1483.014	1506.542	1523.302	1720.396
PR14S	1	E30	1743.358	1766.575	1601.53	1707.358
IA13	1	E31	2068.56	2085.213	1980.95	2109.983
IA14	1	E31	1519.869	1476.008	1565.3095	2179.256
KS11	1	E31	2709.114	2778.35	2939.38	1950.245
KS12	1	E31	3279.5	3123.04	2899.17	1956.946
PR11	1	E31	1573.03	1478.788	1455.74	2197.518
PR12	1	E31	1471.728	1516.067	1428.118	2202.122
PR14S	1	E31	2157.501	2232.967	2372.18	2044.778
IA13	1	E32	1846.19	1855.158	1902.2604	1867.979
IA14	1	E32	1589.467	1573.842	1552.1193	1926.336
KS11	1	E32	2250.953	2284.353	2211.4804	1816.442
KS12	1	E32	2402.064	2324.288	2378.5011	1788.605
PR11	1	E32	1568.318	1520.488	1629.878	1913.376
PR12	1	E32	1566.625	1594.779	1481.7672	1938.061
PR14S	1	E32	1918.808	1957.503	1954.1274	1859.334
IA13	1	E33	1730.084	1735.056	1782.6801	1741.925
IA14	1	E33	1611.621	1607.361	1525.499	1784.788
KS11	1	E33	2000.245	2019.282	1838.9	1732.555
KS12	1	E33	1961.26	1926.447	2086.58	1691.275
PR11	1	E33	1564.43	1538.95	1665.84	1761.398
PR12	1	E33	1582.425	1600.857	1533.3396	1783.482
PR14S	1	E33	1771.041	1791.219	1801.39	1738.806
IA13	1	E34	2038.459	2055.36	1939.2094	2080.05
IA14	1	E34	1488.033	1450.13	1525.499	2149.002
KS11	1	E34	2728.572	2795.076	2816.33	1933.863
KS12	1	E34	3116.117	2972.383	2990.34	1904.862
PR11	1	E34	1527.204	1437.064	1454.83	2160.78
PR12	1	E34	1417.878	1470.271	1438.5017	2163.501
PR14S	1	E34	2141.106	2216.283	2254.8	2027.452
IA13	1	E35	1800.837	1809.064	1771.4834	1820.702
IA14	1	E35	1532.805	1519.279	1579.9387	1852.626
KS11	1	E35	2157.936	2185.37	2125.56	1761.689
KS12	1	E35	2235.293	2171.701	2329.85	1727.641
PR11	1	E35	1547.448	1507.897	1557.9631	1856.288
PR12	1	E35	1508.987	1539.001	1512.9183	1863.796
PR14S	1	E35	1867.67	1903.191	1817.98	1812.952
IA13	1	E36	2054.846	2070.412	2088.57	2092.477
IA14	1	E36	1562.914	1536.43	1643.4917	2166.657
KS11	1	E36	2660.845	2704.817	2843.29	1966.69
KS12	1	E36	2987.305	2850.366	2983.02	1943.402
PR11	1	E36	1584.483	1507.942	1618.8141	2170.77
PR12	1	E36	1510.863	1566.989	1533.6857	2184.958
PR14S	1	E36	2222.865	2291.844	1932.56	2118.479
IA13	1	E37	1741.658	1749.417	1786.0391	1760.636
IA14	1	E37	1506.564	1490.597	1514.2273	1805.938
KS11	1	E37	2075.865	2105.359	2094.03	1709.304
KS12	1	E37	2236.675	2170.408	2194.76	1692.516
PR11	1	E37	1522.189	1482.433	1488.0238	1810.305
PR12	1	E37	1476.546	1501.155	1471.3834	1813.078
PR14S	1	E37	1810.062	1844.479	1801.39	1758.077
IA13	1	E38	1789.847	1797.869	1843.5899	1809.105
IA14	1	E38	1534.73	1522.331	1608.9573	1848.21
KS11	1	E38	2107.585	2127.991	2192.7481	1750.912
KS12	1	E38	2219.511	2155.966	2315.11	1730.518
PR11	1	E38	1572.279	1537.779	1523.191	1862.505
PR12	1	E38	1487.698	1520.662	1595.6419	1850.429
PR14S	1	E38	1900.493	1936.406	1618.98	1846.54
IA13	1	E39	1616.73	1621.116	1588.98	1627.189
IA14	1	E39	1482.728	1477.981	1474.177	1646.323
KS11	1	E39	1826.662	1841.186	1739.92	1602.033
KS12	1	E39	1803.323	1773.663	1929.1	1570.503
PR11	1	E39	1468.436	1447.472	1523.191	1638.154
PR12	1	E39	1462.491	1480.075	1460.3075	1648.635
PR14S	1	E39	1648.044	1666.215	1636.44	1619.279
IA13	1	E40	1778.667	1782.78	1682.69	1788.548
IA14	1	E40	1691.164	1688.988	1498.6389	1819.223
KS11	1	E40	1915.327	1924.052	1988.52	1737.576
KS12	1	E40	1999.06	1962.054	2018.48	1732.583
PR11	1	E40	1583.855	1556.166	1802.57	1768.568
PR12	1	E40	1599.949	1617.909	1671.44	1790.423
PR14S	1	E40	1804.534	1822.258	1751.64	1777.056
IA13	1	E41	1757.884	1765.056	1826.447	1775.081
IA14	1	E41	1550.586	1540.784	1552.1193	1820.802
KS11	1	E41	2072.769	2093.916	2064.73	1735.367
KS12	1	E41	2159.212	2099.157	2216.52	1710.069
PR11	1	E41	1541.119	1506.452	1593.9205	1813.835
PR12	1	E41	1528.416	1554.802	1502.5346	1829.066
PR14S	1	E41	1840.271	1871.236	1720.66	1792.712
IA13	1	E42	1758.714	1763.368	1757.38	1769.875
IA14	1	E42	1636.749	1631.74	1565.3095	1801.887
KS11	1	E42	1959.146	1972.874	1947.54	1738.182
KS12	1	E42	2013.676	1974.097	2050.13	1721.083
PR11	1	E42	1590.257	1564.562	1703.37	1778.877
PR12	1	E42	1603.03	1620.379	1585.5496	1798.513
PR14S	1	E42	1798.949	1818.686	1767.35	1768.213
IA13	1	E43	1971.714	1987.25	1896.4382	2009.745
IA14	1	E43	1499.654	1469.384	1426.45	2088.076
KS11	1	E43	2611.302	2669.082	2672.33	1880.43
KS12	1	E43	2902.122	2776.008	2893.85	1843.51
PR11	1	E43	1489.409	1407.074	1488.0238	2077.814
PR12	1	E43	1373.324	1426.828	1501.4962	2075.569
PR14S	1	E43	2084.164	2153.149	2076.32	1979.765
IA13	1	E44	1859.056	1867.214	1885.4654	1879.004
IA14	1	E44	1607.781	1591.117	1619.9891	1923.25
KS11	1	E44	2238.191	2272.419	2166.87	1832.103
KS12	1	E44	2363.111	2295.629	2344.61	1802.479
PR11	1	E44	1619.437	1576.887	1605.7746	1925.619
PR12	1	E44	1598.599	1622.824	1523.302	1939.364
PR14S	1	E44	1911.848	1947.13	2013.4757	1857.669
IA13	1	E45	1658.104	1662.136	1593.68	1667.839
IA14	1	E45	1535.277	1529.835	1498.6389	1683.679
KS11	1	E45	1803.289	1813.79	1855.99	1624.12
KS12	1	E45	1859.202	1828.451	1915.59	1614.187
PR11	1	E45	1516.594	1495.834	1558.7533	1673.66
PR12	1	E45	1478.669	1496.18	1575.2206	1670.915
PR14S	1	E45	1693.504	1711.429	1602.84	1666.312
IA13	1	E46	1961.446	1976.003	1938.9855	1997.282
IA14	1	E46	1502.937	1470.223	1512.0689	2068.434
KS11	1	E46	2566.092	2624.182	2636.79	1880.981
KS12	1	E46	2906.195	2781.912	2782.63	1856.674
PR11	1	E46	1535.222	1457.91	1454.83	2077.974
PR12	1	E46	1433.763	1478.606	1459.9614	2077.119
PR14S	1	E46	2062.135	2127.126	2137.41	1964.211
IA13	1	E47	1759.021	1767.03	1820.0769	1778.484
IA14	1	E47	1510.986	1495.695	1553.3184	1822.944
KS11	1	E47	2141.429	2173.626	2048.78	1740.367
KS12	1	E47	2201.377	2142.901	2284.46	1701.087
PR11	1	E47	1549.431	1512.541	1464.7108	1837.712
PR12	1	E47	1481.466	1509.066	1502.5346	1831.408
PR14S	1	E47	1832.297	1867.244	1817.1	1778.98
IA13	1	E48	1726.54	1734.333	1662.43	1745.134
IA14	1	E48	1484.424	1475.827	1475.3761	1776.31
KS11	1	E48	2071.443	2094.341	1995.24	1689.666
KS12	1	E48	2071.215	2015.699	2267.01	1644.371
PR11	1	E48	1460.41	1423.024	1558.7533	1762.414
PR12	1	E48	1439.519	1471.663	1470.3451	1777.148
PR14S	1	E48	1789.645	1822.487	1704.08	1738.192
IA13	1	E49	1664.576	1667.792	1747.3	1672.678
IA14	1	E49	1624.781	1617.564	1438.68	1724.115
KS11	1	E49	1793.509	1808.486	1867.06	1652.718
KS12	1	E49	1953.871	1919.82	1805.36	1663.001
PR11	1	E49	1566	1543.035	1606.1698	1696.2
PR12	1	E49	1543.319	1551.742	1599.4492	1697.32
PR14S	1	E49	1699.321	1714.579	1719.35	1677.336
IA13	1	E5	1862.689	1872.48	1896.7313	1886.502
IA14	1	E5	1556.981	1538.414	1594.3281	1936.902
KS11	1	E5	2289.687	2325.174	2281.3052	1822.406
KS12	1	E5	2433.432	2355.256	2469.9615	1790.963
PR11	1	E5	1586.117	1538.599	1535.4403	1946.717
PR12	1	E5	1516.34	1550.116	1544.0694	1945.279
PR14S	1	E5	1952.449	1995.579	1893.9063	1886.973
IA13	1	E50	1998.34	2013.204	1949.0606	2035.083
IA14	1	E50	1532.195	1497.201	1512.0689	2107.915
KS11	1	E50	2540.306	2594.115	2833.33	1887.705
KS12	1	E50	3056.8	2915.482	2755.62	1900.656
PR11	1	E50	1544.269	1460.81	1511.3369	2108.037
PR12	1	E50	1448.063	1492.557	1492.1509	2111.234
PR14S	1	E50	2109.736	2177.485	2105.99	2008.928
IA13	1	E51	1788.256	1797.482	1843.5899	1810.59
IA14	1	E51	1485.003	1467.73	1594.5679	1852.094
KS11	1	E51	2180.267	2210.302	2206.7083	1750.07
KS12	1	E51	2331.201	2254.134	2356.8076	1725.054
PR11	1	E51	1534.795	1492.076	1478.1454	1871.498
PR12	1	E51	1481.415	1513.184	1459.9614	1874.528
PR14S	1	E51	1884.95	1925.556	1767.35	1823.297
IA13	1	E52	1910.219	1918.595	2090.81	1930.151
IA14	1	E52	1678.795	1668.669	1704.41	1994.551
KS11	1	E52	2274.293	2294.834	2307.3976	1894.053
KS12	1	E52	2401.824	2326.417	2443.0983	1871.437
PR11	1	E52	1672.387	1633.724	1740.52	1988.533
PR12	1	E52	1671.525	1702.6	1602.4222	2011.549
PR14S	1	E52	2036.916	2073.234	1783.06	1981.443
IA13	1	E53	1867.348	1881.256	1725.13	1901.393
IA14	1	E53	1435.322	1408.648	1362.9	1961.765
KS11	1	E53	2458.205	2512.729	2429.24	1784.042
KS12	1	E53	2660.877	2552.821	2709.17	1737.387
PR11	1	E53	1416.433	1341.738	1444.95	1948.09
PR12	1	E53	1327.722	1375.386	1418.0804	1952.568
PR14S	1	E53	1941.336	2002.229	2044.02	1848.245
IA13	1	E54	2082.514	2099.941	1897.7817	2125.429
IA14	1	E54	1487.303	1447.264	1581.1378	2178.203
KS11	1	E54	2754.641	2820.02	2931.07	1953.214
KS12	1	E54	3187.532	3038.345	3050.9	1933.243
PR11	1	E54	1547.281	1454.928	1454.83	2199.254
PR12	1	E54	1416.186	1471.493	1481.7672	2194.765
PR14S	1	E54	2183.87	2261.905	2252.87	2066.248
IA13	1	E55	1711.431	1716.165	1709.9	1722.877
IA14	1	E55	1571.953	1564.654	1552.1193	1749.173
KS11	1	E55	1935.131	1953.129	1869.43	1696.288
KS12	1	E55	1963.465	1927.501	2018.48	1671.447
PR11	1	E55	1560.505	1536.278	1593.9205	1742.206
PR12	1	E55	1551.96	1568.407	1533.3396	1752.303
PR14S	1	E55	1744.125	1764.213	1769.97	1712.865
IA13	1	E56	1794.705	1801.798	1855.9062	1811.653
IA14	1	E56	1573.459	1563.655	1634.3785	1848.575
KS11	1	E56	2075.294	2091.672	2152.91	1762.153
KS12	1	E56	2197.041	2134.588	2239.23	1747.766
PR11	1	E56	1584.914	1552.391	1618.8141	1851.169
PR12	1	E56	1562.321	1589.633	1554.107	1861.953
PR14S	1	E56	1889.893	1921.022	1670.48	1842.558
IA13	1	E57	1668.003	1673.678	1682.13	1681.746
IA14	1	E57	1504.325	1495.277	1475.3761	1716.205
KS11	1	E57	1876.964	1892.043	1980.88	1631.954
KS12	1	E57	2039.523	1984.279	1980.38	1632.038
PR11	1	E57	1478.887	1447.761	1557.9631	1702.441
PR12	1	E57	1477.332	1496.824	1460.3075	1718.717
PR14S	1	E57	1727.563	1752.719	1635.57	1689.506
IA13	1	E58	1809.623	1816.807	1910.9938	1826.349
IA14	1	E58	1611.312	1608.39	1619.9891	1874.849
KS11	1	E58	2129.915	2141.973	2094.17	1795.819
KS12	1	E58	2139.691	2079.31	2316.63	1758.742
PR11	1	E58	1568.847	1536.702	1753.16	1852.654
PR12	1	E58	1610.651	1641.505	1523.302	1890.964
PR14S	1	E58	1916.573	1946.253	1650.84	1869.707
IA13	1	E59	1647.526	1651.129	1654.14	1656.385
IA14	1	E59	1554.653	1547.759	1487.607	1684.141
KS11	1	E59	1828.408	1846.065	1757.73	1639.12
KS12	1	E59	1861.372	1834.639	1870.69	1620.294
PR11	1	E59	1535.501	1515.109	1547.6895	1674.127
PR12	1	E59	1519.985	1531.035	1522.9559	1678.249
PR14S	1	E59	1664.017	1679.514	1751.64	1640.135
IA13	1	E6	1873.616	1883.098	1861.2806	1896.85
IA14	1	E6	1577.659	1557.955	1579.9387	1943.74
KS11	1	E6	2251.435	2285.381	2340.1851	1817.032
KS12	1	E6	2473.649	2392.408	2417.4672	1804.152
PR11	1	E6	1592.553	1543.166	1559.5436	1947.139
PR12	1	E6	1520.275	1551.837	1575.2206	1944.526
PR14S	1	E6	1952.839	1995.364	1908.7433	1888.939
IA13	1	E60	1904.201	1919.009	1808.8803	1940.742
IA14	1	E60	1448.956	1416.121	1372.01	2013.553
KS11	1	E60	2439.824	2492.181	2722.95	1788.397
KS12	1	E60	2900.078	2766.945	2695.67	1792.943
PR11	1	E60	1443.216	1360.907	1419.67	2005.61
PR12	1	E60	1311.397	1360.137	1481.7672	1995.26
PR14S	1	E60	2017.426	2085.083	1952.3818	1916.825
IA13	1	E61	1988.793	2004.906	1783.1279	2028.864
IA14	1	E61	1469.422	1429.408	1403.19	2092.187
KS11	1	E61	2594.272	2660.598	2811.37	1857.49
KS12	1	E61	3099.629	2955.236	2815.99	1856.72
PR11	1	E61	1471.585	1377.847	1432.31	2087.333
PR12	1	E61	1354.726	1401.766	1438.5017	2086.301
PR14S	1	E61	2056.621	2129.532	2271.82	1947.415
IA13	1	E62	1768.637	1776.646	1672.95	1788.294
IA14	1	E62	1493.725	1476.292	1538.9291	1810.631
KS11	1	E62	2106.266	2138.439	2094.65	1718.011
KS12	1	E62	2239.431	2175.572	2240.42	1693.716
PR11	1	E62	1518.713	1476.914	1488.0238	1819.115
PR12	1	E62	1471.117	1496.612	1470.3451	1822.062
PR14S	1	E62	1804.509	1839.563	1897.3973	1750.886
IA13	1	E63	1926.088	1940.881	1807.0888	1962.395
IA14	1	E63	1470.629	1440.774	1392.16	2031.55
KS11	1	E63	2528.864	2585.422	2591.71	1831.625
KS12	1	E63	2823.775	2702.615	2786.79	1799.111
PR11	1	E63	1454.998	1374.616	1467.0816	2019.063
PR12	1	E63	1351.923	1401.567	1460.3075	2020.192
PR14S	1	E63	2016.968	2082.602	2076.32	1917.523
IA13	1	E64	1803.802	1815.944	1808.8803	1833.543
IA14	1	E64	1460.693	1437.493	1342.51	1911.271
KS11	1	E64	2335.502	2384.036	2315.0187	1749.186
KS12	1	E64	2541.655	2443.951	2531.37	1713.128
PR11	1	E64	1432.766	1367.312	1444.95	1894.198
PR12	1	E64	1353.317	1393.871	1428.118	1897.003
PR14S	1	E64	1893.111	1946.706	1939.2903	1811.808
IA13	1	E65	1818.562	1827.018	1831.2736	1839.156
IA14	1	E65	1553.127	1536.879	1579.9387	1881.045
KS11	1	E65	2168.634	2197.786	2211.6703	1775.756
KS12	1	E65	2364.989	2287.319	2293.61	1762.1
PR11	1	E65	1554.367	1509.348	1595.5011	1878.451
PR12	1	E65	1551.575	1577.458	1460.3075	1900.983
PR14S	1	E65	1885.105	1922.02	1893.9063	1828.717
IA13	1	E66	1775.585	1788.153	1966.98	1804.451
IA14	1	E66	1431.7	1431.966	1461.946	1888.623
KS11	1	E66	2535.532	2571.827	1867.06	1821.104
KS12	1	E66	1989.347	1942.268	2965.19	1638.083
PR11	1	E66	1427.418	1388.326	1500.2731	1882.236
PR12	1	E66	1348.081	1414.56	1481.7672	1885.32
PR14S	1	E66	1954.482	2003.959	1550.47	1873.869
IA13	1	E68	1783.176	1788.185	1770.1398	1794.92
IA14	1	E68	1641.673	1639.454	1608.9573	1821.783
KS11	1	E68	2012.478	2023.879	1941.18	1766.413
KS12	1	E68	1992.394	1953.726	2138.52	1733.523
PR11	1	E68	1593.252	1568.452	1753.56	1797.683
PR12	1	E68	1628.108	1649.289	1575.2206	1827.406
PR14S	1	E68	1830.489	1850.746	1752.08	1797.93
IA13	1	E69	2066.856	2085.496	2025.62	2112.19
IA14	1	E69	1436.042	1399.2	1629.1024	2178.277
KS11	1	E69	2750.828	2804.615	3074.83	1937.322
KS12	1	E69	3226.889	3059.874	3133.28	1927.58
PR11	1	E69	1514.636	1423.049	1454.83	2207.322
PR12	1	E69	1389.457	1454.557	1448.5393	2208.37
PR14S	1	E69	2253.46	2337.204	1932.56	2127.7
IA13	1	E7	2126.448	2143.316	2065.41	2168.405
IA14	1	E7	1569.892	1525.046	1634.3785	2240.243
KS11	1	E7	2843.083	2920.698	2886.46	2031.563
KS12	1	E7	3288.64	3143.62	3030.63	2007.535
PR11	1	E7	1652.075	1560.266	1444.95	2271.815
PR12	1	E7	1521.663	1566.805	1492.1509	2263.948
PR14S	1	E7	2206.023	2281.691	2521.86	2092.33
IA13	1	E70	1670.986	1675.968	1745.73	1683.133
IA14	1	E70	1557.503	1549.419	1450.9142	1732.269
KS11	1	E70	1911.261	1931.967	1863.07	1663.576
KS12	1	E70	1982.056	1941.336	1977.2	1644.554
PR11	1	E70	1521.981	1494.428	1558.7533	1714.295
PR12	1	E70	1504.89	1521.219	1512.9183	1721.935
PR14S	1	E70	1717.856	1739.578	1735.94	1684.764
IA13	1	E71	1700.179	1704.598	1725.13	1711.056
IA14	1	E71	1600.101	1592.118	1475.3761	1752.682
KS11	1	E71	1886.497	1904.127	1912.21	1679.876
KS12	1	E71	2000.488	1961.292	1945.28	1674.364
PR11	1	E71	1555.806	1529.057	1606.1698	1730.883
PR12	1	E71	1535.012	1549.318	1575.2206	1736.041
PR14S	1	E71	1736.268	1756.048	1752.08	1706.564
IA13	1	E72	1776.445	1785.347	1831.2736	1797.622
IA14	1	E72	1507.751	1497.567	1542.905	1845.683
KS11	1	E72	2165.887	2189.122	2139.38	1746.271
KS12	1	E72	2198.719	2132.574	2396.8849	1703.353
PR11	1	E72	1513.102	1474.278	1547.6895	1844.886
PR12	1	E72	1460.561	1498.091	1523.302	1848.95
PR14S	1	E72	1889.33	1927.758	1635.57	1830.239
IA13	1	E73	1943.644	1952.529	2001.15	1964.726
IA14	1	E73	1697.6	1689.474	1654.52	2022.498
KS11	1	E73	2335.409	2357.896	2298.1382	1915.228
KS12	1	E73	2376.559	2306.753	2551.08	1873.071
PR11	1	E73	1654.595	1612.356	1792.28	1999.538
PR12	1	E73	1645.011	1681.792	1656.91	2022.1
PR14S	1	E73	2051.003	2088.79	1835.4307	1992.346
IA13	1	E74	2325.777	2345.228	2115	2374.907
IA14	1	E74	1646.418	1584.155	1746.62	2436.303
KS11	1	E74	3129.236	3231.504	3230.86	2188.93
KS12	1	E74	3809.045	3631.975	3244.11	2186.722
PR11	1	E74	1768.008	1653.398	1454.83	2484.935
PR12	1	E74	1626.966	1667.766	1492.1509	2478.715
PR14S	1	E74	2345.652	2433.71	3080.87	2213.928
IA13	1	E75	2008.517	2024.465	1896.4382	2048.077
IA14	1	E75	1520.483	1482.59	1414.22	2128.446
KS11	1	E75	2608.065	2670.996	2852.91	1888.665
KS12	1	E75	3117.888	2973.366	2836.04	1891.476
PR11	1	E75	1509.696	1417.929	1478.1454	2117.792
PR12	1	E75	1386.068	1434.26	1502.5346	2113.727
PR14S	1	E75	2104.885	2177.443	2204.61	1996.715
IA13	1	E76	2027.497	2041.66	2009.97	2061.452
IA14	1	E76	1567.664	1547.335	1672.75	2117.656
KS11	1	E76	2578.507	2613.575	2711.84	1944.474
KS12	1	E76	2796.523	2676.727	2916.61	1910.346
PR11	1	E76	1581.519	1514.495	1666.63	2118.676
PR12	1	E76	1527.538	1582.594	1554.107	2137.429
PR14S	1	E76	2183.253	2245.168	1846.7767	2088.651
IA13	1	E77	1928.181	1942.19	1857.81	1962.709
IA14	1	E77	1479.122	1447.243	1487.607	2024.41
KS11	1	E77	2527.886	2587.078	2526.2	1851.311
KS12	1	E77	2821.827	2704.718	2722.21	1818.643
PR11	1	E77	1505.741	1430.114	1444.95	2031.519
PR12	1	E77	1425.414	1467.171	1407.7	2037.728
PR14S	1	E77	2001.673	2063.536	2187.59	1907.746
IA13	1	E78	1780.775	1787.93	1783.1279	1797.958
IA14	1	E78	1568.492	1558.878	1552.1193	1836.459
KS11	1	E78	2105.954	2129.465	2040.63	1755.041
KS12	1	E78	2148.291	2093.143	2252.28	1719.766
PR11	1	E78	1550.251	1514.807	1618.0239	1825.475
PR12	1	E78	1538.079	1564.71	1523.302	1841.262
PR14S	1	E78	1842.189	1872.598	1801.39	1794.914
IA13	1	E79	1838.466	1846.594	1820.0769	1858.172
IA14	1	E79	1604.376	1591.645	1538.9291	1905.03
KS11	1	E79	2206.361	2236.578	2138.09	1805.17
KS12	1	E79	2293.804	2228.767	2344.61	1770.75
PR11	1	E79	1568.692	1525.036	1654.7716	1885.723
PR12	1	E79	1559.818	1587.614	1533.3396	1905.961
PR14S	1	E79	1892.136	1926.872	1939.2903	1838.303
IA13	1	E8	1923.986	1935.884	1970.44	1953.09
IA14	1	E8	1533.875	1507.875	1643.4917	2007.581
KS11	1	E8	2373.139	2411.369	2580.05	1851.488
KS12	1	E8	2734.485	2622.189	2568.77	1853.368
PR11	1	E8	1587.119	1526.685	1523.5862	2027.565
PR12	1	E8	1520.316	1557.615	1492.1509	2032.804
PR14S	1	E8	2043.371	2097.093	1910.4889	1963.081
IA13	1	E80	1912.838	1926.185	1832.3932	1946.118
IA14	1	E80	1504.652	1470.422	1414.22	2015.813
KS11	1	E80	2374.6	2425.838	2712.13	1799.495
KS12	1	E80	2924.197	2793.058	2544.1493	1827.492
PR11	1	E80	1496.751	1417.262	1464.7108	2007.398
PR12	1	E80	1394.604	1432.413	1481.7672	2004.556
PR14S	1	E80	1999.308	2061.073	2059.73	1908.228
IA13	1	E81	1847.476	1856.715	1771.4834	1869.949
IA14	1	E81	1561.941	1545.995	1525.499	1910.947
KS11	1	E81	2163.548	2188.193	2370.361	1770.136
KS12	1	E81	2429.736	2343.623	2356.4452	1772.456
PR11	1	E81	1531.465	1480.764	1629.878	1893.55
PR12	1	E81	1493.634	1526.995	1554.4531	1906.121
PR14S	1	E81	1930.4	1971.834	1783.06	1868.02
IA13	1	E82	1824.14	1831.517	1903.604	1841.858
IA14	1	E82	1634.475	1625.271	1552.1193	1900.439
KS11	1	E82	2116.451	2135.099	2206.7083	1791.341
KS12	1	E82	2258.829	2194.115	2280.3	1779.075
PR11	1	E82	1593.812	1556.265	1679.67	1879.18
PR12	1	E82	1560.413	1589.611	1627.83	1887.82
PR14S	1	E82	1924.457	1957.22	1704.52	1875.039
IA13	1	E83	1675.578	1681.538	1707.65	1690
IA14	1	E83	1511.153	1502	1463.1451	1730.751
KS11	1	E83	1941.435	1962.229	1919.43	1654.703
KS12	1	E83	2002.295	1956.873	2062.69	1630.827
PR11	1	E83	1498.195	1468.574	1511.3369	1722.719
PR12	1	E83	1455.038	1477.542	1512.9183	1722.455
PR14S	1	E83	1735.967	1762.092	1670.48	1696.195
IA13	1	E84	1686.868	1694.774	1845.6053	1705.802
IA14	1	E84	1488.282	1478.476	1426.45	1775.661
KS11	1	E84	2103.685	2133.751	1920	1693.403
KS12	1	E84	2061.138	2010.48	2270.9	1634.919
PR11	1	E84	1483.81	1449.363	1454.83	1770.931
PR12	1	E84	1414.572	1446.293	1492.1509	1764.711
PR14S	1	E84	1787.15	1821.055	1670.48	1734.989
IA13	1	E85	1905.965	1918.361	1807.0888	1936.723
IA14	1	E85	1546.586	1518.356	1382.8	2007.438
KS11	1	E85	2365.714	2414.213	2570.41	1809.503
KS12	1	E85	2798.693	2680.353	2520.185	1817.874
PR11	1	E85	1488.014	1412.011	1570.6074	1976.136
PR12	1	E85	1437.929	1473.782	1470.3451	1992.847
PR14S	1	E85	1970.77	2026.762	2105.99	1886.906
IA13	1	E86	1959.89	1969.887	2036.17	1983.723
IA14	1	E86	1672.824	1661.379	1663.64	2045.811
KS11	1	E86	2405.387	2433.239	2359.8909	1929.769
KS12	1	E86	2473.56	2393.782	2628.07	1885.073
PR11	1	E86	1648.272	1600.958	1753.16	2030.891
PR12	1	E86	1633.087	1672.2	1616.76	2053.624
PR14S	1	E86	2075.685	2118.386	1880.8147	2009.615
IA13	1	E87	1974.284	1983.544	1896.4382	1996.871
IA14	1	E87	1682.221	1665.052	1663.64	2035.671
KS11	1	E87	2342.345	2374.099	2400.49	1912.863
KS12	1	E87	2552.462	2469.07	2491.6308	1897.673
PR11	1	E87	1657.238	1605.496	1753.16	2020.751
PR12	1	E87	1655	1684.47	1595.988	2046.947
PR14S	1	E87	2028.717	2069.025	2076.32	1966.891
IA13	1	E88	1949.301	1958.699	1967.65	1972.318
IA14	1	E88	1671.232	1652.367	1634.3785	2027.863
KS11	1	E88	2387.588	2428.021	2298.1382	1917.237
KS12	1	E88	2516.396	2441.998	2519.3395	1880.37
PR11	1	E88	1671.421	1621.89	1653.9813	2024.596
PR12	1	E88	1626.634	1655.9	1606.3717	2032.531
PR14S	1	E88	2009.201	2050.07	2121.7	1946.643
IA13	1	E89	2132.504	2147.933	1953.3172	2170.752
IA14	1	E89	1623.191	1585.561	1619.9891	2226.306
KS11	1	E89	2751.824	2817.405	2843.29	2022.423
KS12	1	E89	3185.098	3045.911	2932.94	2007.481
PR11	1	E89	1631.489	1542.079	1631.4585	2224.395
PR12	1	E89	1581.854	1623.768	1491.1125	2247.786
PR14S	1	E89	2182.369	2250.662	2505.72	2078.685
IA13	1	E9	1848.374	1854.226	1883.2261	1862.743
IA14	1	E9	1678.601	1666.225	1654.52	1900.861
KS11	1	E9	2089.321	2111.351	2139.38	1820.051
KS12	1	E9	2235.749	2184.853	2180.77	1813.153
PR11	1	E9	1683.021	1652.197	1654.7716	1900.819
PR12	1	E9	1635.789	1654.681	1671.44	1898.041
PR14S	1	E9	1903.472	1929.878	1875.5781	1864.018
IA13	1	E90	2154.185	2170.712	2091.48	2195.374
IA14	1	E90	1613.346	1568.621	1654.52	2268.201
KS11	1	E90	2823.182	2896.985	2966.88	2049.474
KS12	1	E90	3374.728	3219.206	2971.67	2048.676
PR11	1	E90	1665.415	1570.511	1547.6895	2286.006
PR12	1	E90	1591.017	1631.55	1460.3075	2300.57
PR14S	1	E90	2226.889	2301.155	2571.18	2115.424
IA13	1	E91	1804.823	1814.789	1771.4834	1828.964
IA14	1	E91	1478.711	1461.141	1538.6892	1867.763
KS11	1	E91	2242.695	2277.993	2192.7481	1758.753
KS12	1	E91	2339.625	2263.449	2442.3494	1717.153
PR11	1	E91	1505.144	1457.187	1488.0238	1876.207
PR12	1	E91	1448.44	1483.978	1459.9614	1880.885
PR14S	1	E91	1881.9	1925.082	1852.0133	1815.543
IA13	1	E92	1935.033	1942.612	2070.66	1953.338
IA14	1	E92	1723.806	1711.269	1725.51	2010.863
KS11	1	E92	2275.246	2300.357	2276.4382	1919.042
KS12	1	E92	2431.42	2360.436	2377.9454	1902.124
PR11	1	E92	1715.087	1676.2	1766.2	2004.082
PR12	1	E92	1729.195	1752.526	1606.7178	2030.662
PR14S	1	E92	2020.772	2053.585	1967.2189	1970.579
IA13	1	E93	1974.394	1983.723	1910.5459	1996.849
IA14	1	E93	1698.318	1686.039	1634.3785	2042.877
KS11	1	E93	2420.103	2454.805	2246.9982	1940.773
KS12	1	E93	2434.408	2365.265	2592.15	1883.248
PR11	1	E93	1648.552	1599.419	1791.88	2016.626
PR12	1	E93	1661.26	1694.494	1595.2958	2049.39
PR14S	1	E93	2023.093	2061.811	2120.39	1961.875
IA13	1	E94	1950.453	1960.966	1864.8636	1975.797
IA14	1	E94	1616.454	1600.851	1619.9891	2016.609
KS11	1	E94	2368.02	2398.371	2420.36	1883.214
KS12	1	E94	2529.53	2440.672	2592.15	1854.583
PR11	1	E94	1590.016	1535.503	1716.41	2000.539
PR12	1	E94	1575.587	1614.277	1564.8369	2025.801
PR14S	1	E94	2033.119	2078.537	1941.0358	1963.102
IA13	1	E95	2098.399	2117.443	1953.7651	2145.077
IA14	1	E95	1467.816	1427.485	1538.9291	2214.216
KS11	1	E95	2814.626	2879.308	3072.59	1958.606
KS12	1	E95	3290.187	3125.556	3174.11	1941.686
PR11	1	E95	1513.682	1414.407	1454.83	2228.233
PR12	1	E95	1365.287	1429.631	1492.1509	2222.012
PR14S	1	E95	2243.045	2328.648	2137.85	2114.396
IA13	1	E96	1762.225	1771.292	1820.0769	1784.368
IA14	1	E96	1497.541	1479.894	1474.177	1842.017
KS11	1	E96	2163.583	2198.553	2153.34	1728.824
KS12	1	E96	2313.688	2240.586	2315.11	1701.862
PR11	1	E96	1507.98	1462.235	1464.7108	1843.595
PR12	1	E96	1438.967	1469.438	1481.7672	1840.752
PR14S	1	E96	1845.589	1885.775	1817.1	1784.864
IA13	1	E97	1873.24	1882.983	1795.8921	1896.981
IA14	1	E97	1570.05	1552.517	1538.9291	1939.809
KS11	1	E97	2290.256	2326.542	2263.8787	1818.984
KS12	1	E97	2428.838	2350.667	2463.5839	1785.699
PR11	1	E97	1553.525	1501.557	1605.7746	1928.668
PR12	1	E97	1517.748	1550.846	1523.302	1942.413
PR14S	1	E97	1930.176	1972.414	1986.4198	1865.227
IA13	1	E98	1749.862	1759.973	1716.17	1774.04
IA14	1	E98	1426.103	1412.993	1475.3761	1814.173
KS11	1	E98	2180.629	2208.958	2153.53	1701.147
KS12	1	E98	2235.199	2159.264	2432.2033	1654.701
PR11	1	E98	1429.7	1383.073	1488.0238	1812.065
PR12	1	E98	1382.505	1423.42	1428.118	1822.049
PR14S	1	E98	1849.379	1892.815	1666.99	1782.237
IA13	1	E99	2000.855	2017.201	1981.76	2041.103
IA14	1	E99	1508.299	1472.707	1438.68	2131.617
KS11	1	E99	2648.497	2710.258	2823.45	1900.822
KS12	1	E99	3092.299	2947.333	2898.15	1888.372
PR11	1	E99	1506.74	1417.135	1478.1454	2125.039
PR12	1	E99	1395.201	1446.627	1470.3451	2126.339
PR14S	1	E99	2125.383	2198.971	2137.85	2015.088
